Status	Real age	Species	Age	time stored	3855.53371	3400.35314	3275.94998	2922.99216	2853.55784	1900.76462	1745.50175	1635.56407	1540.09188	1457.15644	1379.04282	1306.7154	1235.35235	1155.31	1076.23202	1028.97811	880.4658	525.57926	401.17609
BA	1	AG	1	0	0.00908	0.04792	0.07043	0.06241	0.05066	0.01093	0.01769	0.13361	0.12109	0.08169	0.08702	0.07879	0.0848	0.08462	0.12697	0.14823	0.06834	0.16968	0.15636
BA	1	AG	1	0	0.01139	0.04477	0.06841	0.0743	0.06024	0.01283	0.01973	0.14538	0.13642	0.09744	0.10115	0.09128	0.10092	0.08717	0.12468	0.12907	0.07158	0.17161	0.14873
BA	1	AG	1	0	0.00658	0.06211	0.08575	0.06066	0.05107	0.00852	0.01261	0.10608	0.09578	0.07099	0.07656	0.07148	0.07236	0.0681	0.11759	0.14173	0.06331	0.14559	0.13582
BA	1	AG	1	0	0.01205	0.07312	0.10313	0.12231	0.09774	0.01551	0.03787	0.1473	0.13525	0.10488	0.1083	0.10021	0.1041	0.10315	0.17058	0.20485	0.09024	0.20785	0.18519
BA	1	AG	1	0	0.01171	0.09899	0.13337	0.09972	0.08334	0.01423	0.02331	0.14371	0.12704	0.1039	0.11354	0.1071	0.10708	0.10517	0.19518	0.24628	0.10056	0.25008	0.23366
BA	1	AG	1	0	0.00669	0.20303	0.25103	0.14096	0.10244	0.01503	0.041	0.31026	0.25135	0.16683	0.17382	0.15963	0.17491	0.15981	0.21137	0.21803	0.14409	0.50695	0.49877
BA	3	AG	3	-1095	0.00911	0.07217	0.09974	0.14094	0.10984	0.01137	0.05302	0.13352	0.1189	0.10682	0.10685	0.09983	0.10661	0.11038	0.16501	0.19936	0.0905	0.20732	0.19557
BA	3	AG	3	-1095	0.00777	0.03777	0.05296	0.08884	0.06889	0.00885	0.04197	0.10271	0.09652	0.08163	0.08053	0.07561	0.0838	0.08608	0.10982	0.12592	0.06299	0.14523	0.13202
BA	3	AG	3	-1095	0.00654	0.07878	0.10987	0.15827	0.12144	0.01021	0.06634	0.15228	0.13861	0.12001	0.12098	0.11193	0.11706	0.13154	0.20683	0.25297	0.10285	0.25795	0.22973
BA	3	AG	3	-1095	0.00734	0.1042	0.14149	0.17695	0.13578	0.01166	0.07737	0.15654	0.14039	0.13172	0.13408	0.12685	0.13057	0.15817	0.26058	0.33603	0.12281	0.31238	0.28289
BA	3	AG	3	-1095	0.01429	0.05505	0.07428	0.07234	0.06035	0.01332	0.02496	0.1158	0.10638	0.08114	0.08823	0.08181	0.08278	0.08597	0.13929	0.17179	0.07638	0.1834	0.16926
BA	3	AG	3	-1095	0.01097	0.08801	0.11935	0.1246	0.09928	0.01496	0.0398	0.14422	0.13345	0.10786	0.11222	0.10411	0.10638	0.10966	0.17569	0.21652	0.09389	0.22573	0.20578
BA	3	AG	3	-1095	0.00622	0.07683	0.10462	0.1408	0.10944	0.00988	0.05982	0.13434	0.12048	0.10826	0.11052	0.1045	0.10764	0.12274	0.19444	0.24142	0.09903	0.23336	0.21997
BA	3	AG	3	-1095	0.01159	0.07526	0.109	0.14567	0.11316	0.01522	0.05218	0.19037	0.17455	0.13489	0.13975	0.12767	0.13296	0.13812	0.21376	0.26197	0.11241	0.27796	0.24569
BA	3	AG	3	-1095	0.00989	0.06588	0.09445	0.15387	0.11889	0.01372	0.06298	0.15216	0.14253	0.12011	0.11804	0.10942	0.11784	0.12515	0.17846	0.21274	0.09645	0.22625	0.19923
BA	3	AG	3	-1095	0.0109	0.08655	0.12183	0.11778	0.09418	0.01384	0.03502	0.1606	0.14443	0.10914	0.11488	0.10747	0.10898	0.11292	0.18653	0.23276	0.09635	0.23328	0.21143
BA	5	AG	5	-1095	0.00801	0.06676	0.09365	0.12902	0.09716	0.0093	0.05693	0.1704	0.1538	0.12244	0.12282	0.10966	0.12463	0.13707	0.17243	0.20071	0.09118	0.23005	0.21196
BA	5	AG	5	-1095	0.01288	0.0765	0.10842	0.13486	0.10177	0.01278	0.03645	0.16901	0.15703	0.11824	0.12191	0.10749	0.11764	0.11243	0.16157	0.17685	0.08596	0.21315	0.18814
BA	5	AG	5	-1095	0.01033	0.10082	0.13777	0.15508	0.11933	0.01477	0.05562	0.1615	0.14285	0.12187	0.13075	0.12017	0.12463	0.1348	0.23843	0.29522	0.11384	0.2707	0.24514
BA	5	AG	5	-1095	0.0066	0.04622	0.06224	0.11571	0.08736	0.00861	0.05848	0.10473	0.09413	0.08506	0.08898	0.07827	0.08516	0.10629	0.15595	0.18042	0.07959	0.18025	0.1677
BA	5	AG	5	-1095	0.01417	0.04221	0.06317	0.07303	0.05916	0.01342	0.01792	0.14546	0.14708	0.10489	0.11437	0.09872	0.1002	0.08696	0.11846	0.11533	0.06995	0.17594	0.14876
BA	5	AG	5	-1095	0.00905	0.06905	0.09448	0.13957	0.10384	0.01194	0.06268	0.15761	0.14476	0.11909	0.12342	0.1095	0.12039	0.13838	0.18601	0.2204	0.09884	0.23911	0.21818
BA	5	AG	5	-1095	0.00774	0.08999	0.12623	0.17775	0.13226	0.0115	0.07225	0.20445	0.18351	0.14764	0.15145	0.13472	0.14805	0.16937	0.24225	0.29212	0.1193	0.31098	0.27975
BA	5	AG	5	-1095	0.00672	0.08778	0.12807	0.19917	0.14491	0.01222	0.08173	0.24638	0.21871	0.16767	0.16987	0.14979	0.17156	0.19053	0.25561	0.29871	0.12466	0.33283	0.29217
BA	5	AG	5	-1095	0.00533	0.05597	0.07967	0.14084	0.10595	0.00811	0.05668	0.12139	0.11048	0.09969	0.09801	0.09028	0.10188	0.10682	0.13817	0.15189	0.07166	0.15643	0.14126
BA	7	AG	7	-1095	0.00707	0.11655	0.15768	0.18394	0.13801	0.0115	0.0649	0.21071	0.18284	0.15095	0.15795	0.14447	0.15134	0.17533	0.26783	0.33391	0.13382	0.36384	0.34033
BA	7	AG	7	-1095	0.00843	0.08102	0.11198	0.14032	0.10733	0.01299	0.0468	0.15398	0.13361	0.106	0.11032	0.09946	0.10688	0.12333	0.17896	0.21983	0.09112	0.21578	0.19028
BA	7	AG	7	-1095	0.00707	0.07531	0.1079	0.18621	0.13863	0.01056	0.09516	0.1721	0.15358	0.13138	0.12756	0.11558	0.13029	0.15897	0.20952	0.24493	0.10696	0.25323	0.22259
BA	7	AG	7	-1095	0.00789	0.10866	0.14822	0.18601	0.13937	0.01379	0.06521	0.19711	0.17381	0.1414	0.14685	0.13204	0.13993	0.16043	0.23566	0.28566	0.12098	0.30781	0.2753
BA	7	AG	7	-1095	0.01012	0.07748	0.10422	0.10119	0.08105	0.01191	0.0308	0.16275	0.14356	0.10373	0.11217	0.10364	0.11293	0.11766	0.17945	0.20646	0.09382	0.22738	0.21851
BA	7	AG	7	-1095	0.00638	0.15846	0.2163	0.19421	0.14966	0.01225	0.06241	0.24028	0.19795	0.16799	0.18481	0.17058	0.1776	0.18614	0.36186	0.47152	0.15823	0.46279	0.44226
BA	7	AG	7	-1095	0.00594	0.03833	0.05133	0.07732	0.05983	0.0071	0.03109	0.08734	0.08017	0.06913	0.07454	0.06758	0.07446	0.07877	0.11903	0.13495	0.06425	0.14756	0.13944
BA	7	AG	7	-1095	0.00875	0.10403	0.14827	0.18673	0.13871	0.01513	0.05167	0.26865	0.24732	0.17482	0.18253	0.16234	0.17521	0.17256	0.26487	0.30741	0.1336	0.36464	0.31824
BA	7	AG	7	-1095	0.01066	0.09246	0.12656	0.1344	0.10489	0.01366	0.03171	0.19976	0.18284	0.13284	0.1436	0.13084	0.14024	0.14105	0.21205	0.25234	0.11223	0.29	0.27187
BA	7	AG	7	-1095	0.00662	0.1276	0.17199	0.19994	0.15073	0.01134	0.07127	0.22185	0.19889	0.16221	0.16647	0.15204	0.15885	0.18841	0.29859	0.38332	0.13683	0.3959	0.36471
BA	9	AG	old	0	0.00792	0.02445	0.03652	0.03586	0.02891	0.0077	0.01179	0.08386	0.08001	0.05416	0.0571	0.05135	0.05885	0.05316	0.07119	0.07357	0.04196	0.1153	0.10189
BA	9	AG	old	0	0.0128	0.0397	0.05856	0.05909	0.047	0.01163	0.0181	0.12989	0.12298	0.08216	0.08687	0.07776	0.0905	0.07989	0.10349	0.10262	0.06088	0.17083	0.15309
BA	9	AG	old	0	0.01886	0.0702	0.09932	0.09793	0.07866	0.01609	0.02333	0.19468	0.18412	0.12342	0.12644	0.11153	0.12738	0.10754	0.16183	0.16052	0.09384	0.24004	0.21589
BA	9	AG	old	0	0.01557	0.06208	0.08507	0.08041	0.06444	0.01294	0.01868	0.14819	0.14348	0.10711	0.10891	0.09681	0.10818	0.08996	0.11682	0.11679	0.072	0.1827	0.16982
BA	9	AG	old	0	0.01533	0.05799	0.08258	0.07955	0.06297	0.01257	0.0198	0.1611	0.15305	0.10904	0.11185	0.09984	0.11359	0.09496	0.11805	0.11926	0.07127	0.1878	0.17024
BA	9	AG	old	0	0.00828	0.03373	0.04742	0.04718	0.03811	0.00899	0.01299	0.09503	0.09326	0.07073	0.07247	0.06548	0.07292	0.06176	0.0783	0.07957	0.04972	0.11722	0.10847
BA	11	AG	old	0	0.00966	0.03385	0.05018	0.04179	0.0339	0.00978	0.01247	0.10707	0.09806	0.0638	0.06469	0.05894	0.0666	0.05834	0.0786	0.07782	0.04649	0.12685	0.11637
BA	11	AG	old	0	0.00688	0.02481	0.03845	0.03368	0.02745	0.00873	0.0118	0.10719	0.09847	0.06229	0.06342	0.05716	0.06704	0.05822	0.08293	0.08053	0.04749	0.13419	0.11636
BA	11	AG	old	0	0.01183	0.04558	0.05977	0.0477	0.03984	0.00941	0.01254	0.11203	0.11001	0.07673	0.08004	0.07162	0.07876	0.07049	0.09576	0.09838	0.06193	0.19295	0.18669
BA	11	AG	old	0	0.0099	0.03132	0.0432	0.03887	0.03192	0.008	0.01072	0.09071	0.08557	0.06353	0.06279	0.05685	0.06429	0.05452	0.07297	0.07139	0.04344	0.12006	0.1115
BA	11	AG	old	0	0.01192	0.04038	0.05697	0.05272	0.04246	0.01044	0.01522	0.12175	0.1131	0.0802	0.07944	0.07111	0.08394	0.06911	0.0933	0.088	0.05472	0.15184	0.13935
BA	11	AG	old	0	0.01178	0.04327	0.06237	0.05039	0.03996	0.00874	0.01274	0.11972	0.11355	0.07625	0.07741	0.07008	0.08134	0.07082	0.08758	0.08723	0.05103	0.15168	0.14127
BA	13	AG	old	0	0.01668	0.05719	0.08318	0.07114	0.05684	0.01357	0.01853	0.16059	0.15232	0.10197	0.10816	0.09529	0.10752	0.09366	0.12802	0.12941	0.07413	0.20124	0.18088
BA	13	AG	old	0	0.01463	0.05533	0.07609	0.07593	0.05987	0.01352	0.01828	0.1381	0.13222	0.09779	0.10078	0.08875	0.09934	0.08349	0.11105	0.10793	0.06634	0.17982	0.16852
BA	13	AG	old	0	0.01263	0.03847	0.05636	0.05688	0.04543	0.01212	0.01557	0.11537	0.10942	0.07519	0.07938	0.06985	0.08068	0.06761	0.09504	0.09054	0.05548	0.14487	0.1281
BA	13	AG	old	0	0.01342	0.06159	0.09427	0.11548	0.0863	0.01438	0.04036	0.18392	0.1671	0.11234	0.11407	0.10104	0.11921	0.11151	0.13554	0.13792	0.0746	0.18865	0.16942
BA	13	AG	old	0	0.01056	0.02915	0.04309	0.04346	0.03642	0.01058	0.01374	0.09609	0.09124	0.06546	0.06729	0.06141	0.06882	0.05824	0.06881	0.06866	0.04386	0.11682	0.10576