Status	Real age	Species	Age	time stored	3855.53371	3400.35314	3275.94998	2922.99216	2853.55784	1900.76462	1745.50175	1635.56407	1540.09188	1457.15644	1379.04282	1306.7154	1235.35235	1155.31	1076.23202	1028.97811	880.4658	525.57926	401.17609
SF	1	AR	1	24	0.01419	0.07294	0.10069	0.10928	0.08602	0.01963	0.03771	0.14612	0.13388	0.10559	0.11242	0.10448	0.10771	0.10268	0.16643	0.19728	0.09143	0.19565	0.25365
SF	1	AR	1	24	0.01191	0.08516	0.11566	0.14331	0.10966	0.01924	0.04982	0.15342	0.13806	0.12391	0.12886	0.12127	0.12778	0.12602	0.2077	0.25278	0.11062	0.26268	0.21573
SF	1	AR	1	24	0.00949	0.14701	0.19379	0.14412	0.11451	0.0199	0.03699	0.18608	0.15157	0.14015	0.16007	0.15158	0.14993	0.15011	0.29254	0.36932	0.13596	0.32925	0.2628
SF	1	AR	1	24	0.00815	0.06206	0.08529	0.08989	0.07122	0.01157	0.02611	0.11636	0.10486	0.09039	0.0974	0.09066	0.09426	0.08826	0.14433	0.17223	0.07894	0.18541	0.1689
SF	1	AR	1	24	0.00997	0.03484	0.04976	0.10166	0.07577	0.01384	0.04728	0.10192	0.09552	0.08368	0.08259	0.07642	0.08804	0.08768	0.1104	0.12094	0.06801	0.1511	0.19657
SF	1	AR	1	24	0.01397	0.03925	0.05862	0.06807	0.05458	0.01529	0.01838	0.12887	0.12574	0.09388	0.09917	0.08782	0.09418	0.08124	0.10958	0.11363	0.06784	0.15841	0.16409
SF	1	AR	1	24	0.00999	0.04051	0.05908	0.08151	0.06413	0.01505	0.0264	0.11011	0.1017	0.07772	0.08373	0.0761	0.08114	0.07544	0.11527	0.13069	0.06688	0.14284	0.11051
SF	1	AR	1	24	0.01146	0.05459	0.07753	0.09893	0.07642	0.01512	0.02946	0.14387	0.13507	0.10412	0.11065	0.10033	0.10638	0.09838	0.14294	0.16225	0.08183	0.17665	0.1253
SF	1	AR	1	24	0.00825	0.04333	0.06617	0.08551	0.06469	0.01305	0.02217	0.14514	0.13461	0.09871	0.10574	0.0935	0.10197	0.08916	0.12836	0.13471	0.0725	0.15078	0.1317
SF	1	AR	1	25	0.00791	0.0851	0.1186	0.11434	0.09077	0.0128	0.03402	0.1516	0.13198	0.10837	0.11736	0.11118	0.11115	0.11124	0.20172	0.25476	0.10142	0.23247	0.22075
SF	1	AR	1	25	0.01229	0.0336	0.04904	0.05001	0.04275	0.01375	0.01916	0.09521	0.08988	0.06777	0.07276	0.06559	0.06985	0.06217	0.09022	0.09606	0.05509	0.10658	0.09147
SF	1	AR	1	25	0.01172	0.03188	0.04741	0.05038	0.0419	0.01365	0.01575	0.10148	0.09681	0.07136	0.07464	0.06593	0.0731	0.06308	0.08569	0.08427	0.05399	0.09878	0.11399
SF	1	AR	1	25	0.01263	0.0332	0.0474	0.05058	0.04219	0.01341	0.01521	0.09658	0.09242	0.07156	0.07473	0.06669	0.07257	0.06318	0.0844	0.08648	0.0538	0.11471	0.15321
SF	1	AR	1	25	0.01157	0.03825	0.05558	0.05541	0.04537	0.0134	0.01574	0.1104	0.10571	0.07891	0.08399	0.07302	0.07666	0.06808	0.09427	0.09802	0.05542	0.10683	0.02551
SF	1	AR	1	25	0.01384	0.04406	0.06504	0.06627	0.05502	0.01655	0.01931	0.12972	0.12343	0.09006	0.09665	0.08573	0.09179	0.07959	0.1166	0.12222	0.06728	0.14739	0.18162
SF	1	AR	1	25	0.01356	0.04975	0.07123	0.07324	0.05989	0.01639	0.02122	0.12911	0.12059	0.08996	0.09686	0.08783	0.09256	0.08323	0.12971	0.1482	0.07412	0.15736	0.09429
SF	1	AR	1	25	0.01524	0.04436	0.06224	0.10326	0.08012	0.0213	0.04528	0.11177	0.10515	0.08963	0.09146	0.08533	0.09443	0.09167	0.12279	0.1385	0.07764	0.14661	0.17128
SF	1	AR	1	25	0.0166	0.05428	0.07749	0.07243	0.06109	0.01932	0.02403	0.12958	0.12192	0.0894	0.09767	0.08996	0.09368	0.08584	0.13763	0.16176	0.07984	0.17187	0.1731
SF	1	AR	1	25	0.01189	0.12046	0.16684	0.17059	0.13018	0.01739	0.0547	0.20516	0.18001	0.15345	0.16345	0.1541	0.15844	0.16117	0.28761	0.36433	0.1381	0.34099	0.36673
SF	1	AR	1	25	0.01748	0.05692	0.08117	0.07905	0.06605	0.02105	0.02777	0.13673	0.12709	0.0944	0.10129	0.09167	0.09665	0.08846	0.13977	0.15818	0.07826	0.15892	0.19696
SF	1	AR	1	25	0.01435	0.03161	0.04589	0.05371	0.04477	0.01509	0.01715	0.09764	0.09677	0.07269	0.07772	0.06983	0.07414	0.06771	0.09427	0.1003	0.06044	0.13158	0.09579
SF	2	AR	2	24	0.01388	0.04367	0.06271	0.06836	0.05544	0.01437	0.02178	0.11634	0.11119	0.08235	0.08772	0.07987	0.08412	0.0789	0.1192	0.13688	0.07058	0.15391	0.14845
SF	2	AR	2	24	0.01266	0.03813	0.0568	0.05711	0.04692	0.0131	0.01829	0.10889	0.10316	0.07262	0.07683	0.06952	0.076	0.06718	0.09855	0.1077	0.05514	0.12241	0.23105
SF	2	AR	2	24	0.01356	0.03939	0.05569	0.05878	0.04872	0.01406	0.01966	0.0978	0.09108	0.0701	0.07422	0.06817	0.07155	0.0684	0.10222	0.12198	0.06082	0.14304	0.28586
SF	2	AR	2	24	0.01215	0.0586	0.08891	0.13667	0.09956	0.01755	0.04734	0.1992	0.18492	0.13469	0.14304	0.12779	0.14287	0.13477	0.18586	0.20446	0.10192	0.23819	0.23904
SF	2	AR	2	24	0.01905	0.05131	0.073	0.08373	0.06759	0.01931	0.02711	0.13065	0.12161	0.09066	0.09477	0.08605	0.09333	0.08629	0.12944	0.14866	0.07432	0.16451	0.23457
SF	2	AR	2	24	0.01549	0.05059	0.07238	0.07586	0.06203	0.01678	0.02505	0.12685	0.11776	0.08529	0.09203	0.0839	0.08904	0.08494	0.13447	0.15811	0.07592	0.17623	0.23687
SF	2	AR	2	24	0.0178	0.05489	0.07669	0.07955	0.06434	0.01722	0.02448	0.13213	0.12414	0.08834	0.0967	0.0865	0.09032	0.09048	0.139	0.16328	0.08017	0.17546	0.18732
SF	2	AR	2	24	0.01401	0.03976	0.05802	0.05682	0.04601	0.01386	0.01807	0.11758	0.10997	0.07589	0.08225	0.07261	0.07868	0.07282	0.10703	0.11741	0.05996	0.15116	0.1417
SF	2	AR	2	24	0.01183	0.0646	0.09056	0.10329	0.08123	0.0158	0.03586	0.13767	0.12343	0.09772	0.10567	0.09727	0.10094	0.10423	0.16427	0.20041	0.08979	0.18627	0.31391
SF	2	AR	2	24	0.0103	0.05235	0.07597	0.08847	0.06733	0.01209	0.02862	0.13204	0.1205	0.09104	0.09316	0.08505	0.09185	0.08674	0.12591	0.14937	0.0703	0.15413	0.22204
SF	2	AR	2	24	0.01619	0.05042	0.07367	0.07281	0.0587	0.0165	0.02393	0.14603	0.13483	0.09252	0.09967	0.08807	0.09645	0.09157	0.13366	0.14834	0.0724	0.16371	0.20049
SF	2	AR	2	24	0.01299	0.05648	0.07933	0.07869	0.06344	0.01528	0.0248	0.12516	0.11309	0.08477	0.0913	0.08325	0.08681	0.08751	0.13615	0.16311	0.07526	0.15769	0.2004
SF	2	AR	2	24	0.01492	0.05361	0.08121	0.09133	0.0734	0.01779	0.02915	0.16131	0.14827	0.10279	0.1107	0.0991	0.10836	0.09997	0.16042	0.17867	0.08958	0.21169	0.21733
SF	2	AR	2	24	0.01237	0.05038	0.07361	0.07639	0.06168	0.01516	0.0237	0.1287	0.11601	0.08274	0.09048	0.08135	0.08701	0.0847	0.13391	0.15603	0.07424	0.16706	0.26426
SF	2	AR	2	24	0.01633	0.04464	0.0655	0.06865	0.05511	0.01628	0.02245	0.13755	0.12857	0.08858	0.09609	0.08459	0.09247	0.08356	0.12127	0.12805	0.06928	0.17473	0.24085
SF	2	AR	2	24	0.01493	0.07669	0.10598	0.10859	0.08666	0.01776	0.03294	0.15711	0.14525	0.11673	0.12608	0.11667	0.12169	0.11775	0.18666	0.22528	0.10214	0.24161	0.27867
SF	2	AR	2	24	0.01252	0.05439	0.07451	0.06524	0.05453	0.01503	0.02057	0.10634	0.09357	0.07252	0.08007	0.07321	0.07644	0.07877	0.12242	0.14746	0.06518	0.13967	0.19793
SF	2	AR	2	24	0.01234	0.05409	0.07675	0.06941	0.05654	0.01396	0.01928	0.13322	0.12234	0.08999	0.09884	0.08927	0.09397	0.09092	0.13513	0.15804	0.07648	0.16252	0.16605
SF	2	AR	2	24	0.01088	0.06133	0.08349	0.07721	0.06295	0.01386	0.02042	0.11506	0.1013	0.08039	0.0905	0.08308	0.08422	0.08589	0.14291	0.17318	0.07743	0.17109	0.1902
SF	2	AR	2	24	0.01022	0.06257	0.08897	0.14297	0.10709	0.01738	0.05534	0.15058	0.13505	0.11432	0.12003	0.11099	0.1197	0.12436	0.18192	0.2181	0.09935	0.21802	0.22386
SF	2	AR	2	24	0.01144	0.05603	0.08397	0.1239	0.09394	0.01665	0.04219	0.16406	0.14867	0.11298	0.11914	0.10748	0.11862	0.11316	0.16695	0.18403	0.09036	0.20905	0.28692
SF	2	AR	2	24	0.01745	0.05356	0.07699	0.07407	0.06071	0.0168	0.02189	0.14451	0.13607	0.09601	0.10404	0.0942	0.09982	0.09417	0.14301	0.16613	0.08025	0.18395	0.17393
SF	3	AR	3	26	0.01385	0.05842	0.07817	0.08109	0.06357	0.01482	0.02949	0.10856	0.09854	0.07921	0.08425	0.07597	0.07849	0.09053	0.13296	0.163	0.07345	0.13755	0.10525
SF	3	AR	3	26	0.01217	0.06186	0.08506	0.09025	0.07042	0.01433	0.02819	0.12555	0.11232	0.08648	0.09153	0.08369	0.08666	0.09512	0.14718	0.1829	0.07683	0.15049	0.08826
SF	4	AR	4	5	0.00975	0.03054	0.04561	0.05319	0.04225	0.01139	0.01652	0.09352	0.09045	0.0656	0.07022	0.06416	0.06784	0.06109	0.08598	0.09414	0.05079	0.10556	0.13961
SF	4	AR	4	5	0.00986	0.03999	0.05844	0.08316	0.06443	0.01354	0.03174	0.11578	0.10937	0.08303	0.08575	0.07881	0.08462	0.08158	0.11343	0.12883	0.06435	0.1245	0.04598
SF	4	AR	4	5	0.00948	0.03527	0.05236	0.10662	0.08058	0.01481	0.05061	0.11152	0.10643	0.08919	0.0895	0.08249	0.09105	0.09149	0.11669	0.12795	0.06915	0.11626	0.04816
SF	4	AR	4	5	0.00862	0.03478	0.04993	0.07794	0.05988	0.01238	0.03675	0.09209	0.08528	0.06866	0.0697	0.06392	0.06757	0.07318	0.10009	0.11817	0.05825	0.1166	0.20043
SF	4	AR	4	5	0.00845	0.03588	0.0512	0.08159	0.06239	0.01293	0.03829	0.09526	0.08838	0.07113	0.0722	0.06637	0.07036	0.07591	0.10379	0.12239	0.06062	0.12367	0.176
SF	4	AR	4	5	0.01269	0.04969	0.06742	0.07512	0.0605	0.01622	0.02842	0.09696	0.08939	0.07253	0.07663	0.07115	0.07252	0.07758	0.11711	0.14551	0.06818	0.14028	0.1118
SF	4	AR	4	5	0.01521	0.04003	0.0548	0.06051	0.04994	0.0164	0.02319	0.09079	0.08558	0.0647	0.06901	0.06303	0.06441	0.06612	0.10015	0.12051	0.05961	0.11595	0.01326
SF	4	AR	4	5	0.01241	0.04	0.05573	0.1105	0.0844	0.01729	0.05497	0.10686	0.09964	0.08956	0.08907	0.08261	0.09055	0.09665	0.12518	0.14583	0.0769	0.14923	0.04522
SF	4	AR	4	5	0.01099	0.04309	0.06648	0.11776	0.08785	0.01624	0.05171	0.15162	0.14258	0.10868	0.10923	0.09885	0.11134	0.10807	0.14229	0.15191	0.08083	0.1746	0.11253
SF	4	AR	4	5	0.00864	0.06557	0.09003	0.14413	0.10822	0.01411	0.06918	0.12933	0.11595	0.10892	0.10898	0.10214	0.10851	0.12377	0.18236	0.2207	0.09891	0.19198	0.13719
SF	4	AR	4	5	0.011	0.04602	0.06648	0.17878	0.1294	0.01715	0.09956	0.13589	0.1238	0.11609	0.10893	0.10077	0.11556	0.1378	0.17323	0.19544	0.09473	0.20467	0.13886
SF	4	AR	4	5	0.00883	0.04819	0.06667	0.12075	0.09109	0.01371	0.05795	0.10799	0.10105	0.09261	0.08987	0.08445	0.09213	0.09869	0.13891	0.16408	0.07644	0.14697	0.06276
SF	4	AR	4	5	0.01165	0.04156	0.05995	0.11854	0.09081	0.01806	0.04865	0.12276	0.11756	0.10087	0.09984	0.09185	0.10082	0.09706	0.13352	0.15041	0.07832	0.14993	0.13206
SF	4	AR	4	5	0.016	0.05069	0.06893	0.09553	0.07645	0.01998	0.04064	0.10948	0.10307	0.08741	0.08908	0.08296	0.08782	0.08853	0.12846	0.15489	0.07487	0.1649	0.15999
SF	4	AR	4	5	0.00991	0.04066	0.05813	0.13247	0.09741	0.01529	0.07108	0.11798	0.11111	0.09807	0.09442	0.08688	0.09727	0.1126	0.1411	0.16389	0.07919	0.17014	0.0927
SF	4	AR	4	5	0.01221	0.0552	0.07253	0.12188	0.09257	0.0168	0.0644	0.09982	0.09022	0.08853	0.08712	0.08157	0.0875	0.10474	0.15019	0.18202	0.08382	0.17576	0.15111
SF	4	AR	4	5	0.01126	0.04575	0.06506	0.16472	0.12035	0.01702	0.08998	0.12892	0.11924	0.1149	0.10827	0.10095	0.11495	0.13269	0.16352	0.19211	0.0901	0.18938	0.16214
SF	5	AR	5	27	0.00565	0.07236	0.10865	0.14321	0.10751	0.01467	0.05226	0.18494	0.16749	0.12693	0.13457	0.12533	0.13165	0.1304	0.20113	0.23962	0.10154	0.22151	0.31183
SF	5	AR	5	27	0.00336	0.04234	0.06355	0.11917	0.08878	0.01133	0.05082	0.12608	0.11253	0.09583	0.09944	0.09022	0.10121	0.10769	0.13942	0.15802	0.07534	0.14261	0.18377
SF	5	AR	5	27	0.00532	0.05926	0.08573	0.1733	0.12621	0.01505	0.07139	0.1508	0.1313	0.12364	0.12467	0.11483	0.12827	0.13992	0.18899	0.22779	0.09794	0.23347	0.26534
SF	7	AR	7	26	0.00626	0.03939	0.06002	0.15419	0.11138	0.01284	0.08084	0.13789	0.12662	0.11408	0.10982	0.10002	0.113	0.13021	0.15653	0.17656	0.08983	0.17982	0.14656
SF	7	AR	7	26	0.00463	0.0474	0.06896	0.14145	0.10299	0.01007	0.07556	0.13035	0.11068	0.10257	0.09783	0.08958	0.1019	0.12019	0.14898	0.17047	0.07607	0.16709	0.20686
SF	7	AR	7	26	0.00687	0.05653	0.08398	0.14037	0.10302	0.01437	0.05536	0.17615	0.16029	0.12396	0.12543	0.113	0.12516	0.12675	0.17554	0.19332	0.09432	0.23101	0.29506
SF	7	AR	7	26	0.01219	0.03648	0.0563	0.10528	0.07886	0.01679	0.04054	0.13484	0.12789	0.10005	0.10389	0.09256	0.10034	0.09679	0.12927	0.14052	0.07864	0.16644	0.16462
SF	7	AR	7	26	0.00581	0.04156	0.06185	0.15057	0.10963	0.01196	0.07763	0.13787	0.12463	0.11611	0.11112	0.10189	0.11634	0.12612	0.15086	0.1652	0.08612	0.19464	0.22744
SF	7	AR	7	26	0.00802	0.04229	0.06585	0.10671	0.07879	0.01352	0.03478	0.15447	0.14291	0.10648	0.11049	0.09851	0.10735	0.10163	0.13872	0.15185	0.07871	0.17917	0.08519
SF	7	AR	7	26	0.00868	0.05748	0.08114	0.09796	0.07791	0.01648	0.0368	0.15712	0.14838	0.11946	0.12588	0.11361	0.12228	0.11033	0.14677	0.15776	0.08769	0.18125	0.15643
SF	7	AR	7	26	0.00516	0.05246	0.07723	0.14739	0.10817	0.01132	0.08023	0.16098	0.14371	0.12391	0.12349	0.11145	0.12455	0.13965	0.17228	0.19063	0.09041	0.19701	0.09813
SF	7	AR	7	26	0.00553	0.05158	0.07444	0.14231	0.10455	0.01268	0.07178	0.1502	0.13408	0.11712	0.1157	0.10498	0.11496	0.12861	0.16791	0.19328	0.09352	0.20915	0.10472
SF	7	AR	7	26	0.00756	0.06506	0.09065	0.10196	0.07959	0.01404	0.03503	0.15547	0.13461	0.10687	0.11279	0.10199	0.10361	0.10465	0.16128	0.19238	0.08562	0.19389	0.27997
SF	7	AR	7	26	0.00623	0.03647	0.05541	0.11127	0.08224	0.01261	0.05081	0.13083	0.11809	0.09606	0.0956	0.08654	0.09695	0.09859	0.12891	0.13547	0.07552	0.17403	0.19383
SF	7	AR	7	26	0.00423	0.04604	0.06709	0.18607	0.13137	0.01096	0.10592	0.14933	0.13065	0.12708	0.11773	0.10617	0.12679	0.15155	0.16943	0.17866	0.09018	0.1874	0.21387
SF	7	AR	7	26	0.00509	0.04162	0.06419	0.15027	0.10848	0.01248	0.07118	0.15537	0.14361	0.1215	0.12037	0.10857	0.12207	0.12827	0.16375	0.1772	0.09231	0.19035	0.20248
SF	7	AR	7	26	0.00424	0.05824	0.07936	0.12832	0.09596	0.01084	0.06786	0.14636	0.12457	0.11368	0.11274	0.10169	0.10947	0.1262	0.16004	0.18226	0.08734	0.18214	0.10472
SF	7	AR	7	26	0.00912	0.06731	0.09036	0.0723	0.05945	0.01411	0.019	0.16367	0.14493	0.10959	0.1158	0.10026	0.09961	0.09309	0.14611	0.15779	0.07669	0.19255	0.09589
SF	7	AR	7	26	0.0073	0.04793	0.07388	0.12979	0.09556	0.01591	0.04389	0.1724	0.15889	0.12195	0.12737	0.11518	0.12556	0.11865	0.16343	0.17599	0.0937	0.2023	0.21809
SF	7	AR	7	26	0.00662	0.04425	0.06747	0.14353	0.10459	0.01335	0.06965	0.15596	0.14378	0.12101	0.11953	0.10856	0.12293	0.13152	0.15925	0.1759	0.09061	0.17965	0.16966
SF	7	AR	7	26	0.00514	0.07921	0.11113	0.10665	0.08095	0.01246	0.03688	0.13766	0.12318	0.10616	0.11909	0.10417	0.10823	0.12628	0.17488	0.22133	0.09091	0.21761	0.16294
SF	7	AR	7	26	0.00608	0.04657	0.06838	0.14196	0.10341	0.01353	0.07111	0.13457	0.1182	0.10423	0.10407	0.09458	0.10646	0.13012	0.15759	0.18451	0.08712	0.16927	0.31358
SF	7	AR	7	26	0.00661	0.04645	0.07015	0.14436	0.10572	0.01542	0.06435	0.15524	0.14078	0.11578	0.11792	0.10655	0.11724	0.12751	0.16801	0.19099	0.09529	0.19373	0.17451
SF	7	AR	7	26	0.00681	0.0484	0.07486	0.17351	0.12426	0.01477	0.0816	0.16802	0.15136	0.12886	0.12761	0.11601	0.13302	0.14785	0.1866	0.21155	0.10304	0.25223	0.33166
SF	7	AR	7	26	0.00603	0.03743	0.05929	0.15018	0.10886	0.01473	0.07338	0.14024	0.12627	0.10959	0.10803	0.09925	0.11276	0.12171	0.15425	0.168	0.09173	0.1936	0.22734
SF	7	AR	7	26	0.00661	0.04246	0.06452	0.13432	0.09981	0.01531	0.05432	0.13888	0.12475	0.10386	0.10596	0.09693	0.10667	0.11128	0.15299	0.17334	0.0898	0.1859	0.19981
SF	7	AR	7	26	0.00392	0.05377	0.08083	0.16039	0.1161	0.01105	0.07738	0.15189	0.13155	0.11508	0.11538	0.10666	0.12066	0.13821	0.18812	0.22294	0.09804	0.20588	0.18032
SF	7	AR	7	26	0.00624	0.04703	0.077	0.14689	0.10671	0.01678	0.0492	0.19266	0.17234	0.12736	0.13593	0.12271	0.13446	0.1281	0.18303	0.19782	0.10164	0.21938	0.07897
SF	7	AR	7	26	0.011	0.03351	0.05045	0.0494	0.04116	0.01247	0.01366	0.11563	0.11198	0.07872	0.08319	0.07276	0.07463	0.06793	0.09628	0.09989	0.05709	0.12114	0.09334