Status	Age	3275.94cm	2922.99cm	2853.55cm	1635.56cm	1540.09cm	1457.15cm	1379.04cm	1155.31	1076.23cm	1028.97cm	525.57cm
BF	1	0.05455	0.04868	0.03889	0.12004	0.11256	0.0679	0.0686	0.05486	0.06454	0.0607	0.1091
BF	1	0.05922	0.06756	0.05451	0.10902	0.10087	0.06955	0.07184	0.06994	0.09884	0.1153	0.132
BF	1	0.07072	0.09968	0.07794	0.15084	0.14283	0.09998	0.0992	0.09442	0.10823	0.10578	0.15944
BF	1	0.07228	0.1034	0.08239	0.12077	0.11154	0.08626	0.08634	0.08828	0.12569	0.15036	0.15851
BF	1	0.0495	0.06142	0.05072	0.07214	0.06739	0.05497	0.05806	0.05745	0.09352	0.11594	0.11725
BF	1	0.05146	0.05337	0.04232	0.11223	0.10514	0.06852	0.07027	0.05862	0.07447	0.07418	0.11583
BF	1	0.05605	0.05971	0.04837	0.10169	0.09503	0.06453	0.06618	0.06286	0.0935	0.10807	0.12598
BF	1	0.06528	0.08958	0.07048	0.13294	0.12665	0.08898	0.08779	0.0851	0.10424	0.10921	0.14482
BF	1	0.05449	0.05918	0.05007	0.07935	0.07338	0.05779	0.06081	0.05949	0.10064	0.12696	0.12813
BF	1	0.04863	0.05947	0.04923	0.09882	0.09532	0.06711	0.0694	0.06195	0.07787	0.0762	0.1135
BF	1	0.05126	0.0399	0.0326	0.10492	0.09461	0.06197	0.06443	0.05644	0.066	0.06695	0.11394
BF	1	0.04703	0.06592	0.05321	0.07767	0.07219	0.05757	0.05945	0.06382	0.09308	0.11057	0.12046
BF	1	0.05772	0.09623	0.07699	0.09881	0.09223	0.07878	0.07921	0.08624	0.11651	0.13692	0.14361
SF	1	0.05074	0.12223	0.09302	0.09299	0.08774	0.08369	0.08056	0.10218	0.12185	0.14277	0.15515
SF	1	0.04494	0.08495	0.0672	0.07	0.06527	0.06147	0.06135	0.07249	0.10097	0.12366	0.12474
SF	1	0.06331	0.09663	0.07617	0.10198	0.0953	0.07834	0.08109	0.08566	0.12786	0.15466	0.15577
SF	1	0.04333	0.09215	0.07189	0.07429	0.07045	0.06563	0.06545	0.0763	0.10195	0.12173	0.13269
SF	1	0.06242	0.10471	0.08226	0.09403	0.08698	0.07874	0.07964	0.09224	0.13005	0.16089	0.16208
SF	1	0.05915	0.0711	0.0586	0.07992	0.07331	0.06238	0.06499	0.07342	0.10439	0.13612	0.14136
SF	1	0.05069	0.07915	0.06207	0.09076	0.08607	0.06953	0.07226	0.07473	0.10625	0.12333	0.1401
SF	1	0.04307	0.03809	0.0326	0.07307	0.06868	0.05026	0.05479	0.05274	0.08454	0.10252	0.11836
SF	1	0.0589	0.0902	0.07129	0.08766	0.08216	0.06992	0.07168	0.07551	0.11436	0.14008	0.14195
SF	1	0.05261	0.07637	0.06018	0.08494	0.0805	0.06634	0.06988	0.07241	0.10426	0.12237	0.13601
SF	1	0.0542	0.05475	0.0449	0.09431	0.08774	0.06458	0.0685	0.06539	0.09907	0.11748	0.13407
SF	1	0.07733	0.08344	0.06632	0.14329	0.13675	0.09865	0.10282	0.09175	0.12726	0.13758	0.17989
SF	1	0.05799	0.06985	0.05691	0.10786	0.10194	0.07853	0.08057	0.07541	0.10385	0.11898	0.13774
SF	1	0.09564	0.09955	0.0809	0.14987	0.14277	0.10853	0.11234	0.10096	0.14083	0.16321	0.18732
SF	1	0.0922	0.09001	0.0741	0.11423	0.10084	0.08197	0.08703	0.09105	0.1454	0.18418	0.17091
SF	1	0.0801	0.09049	0.07535	0.12138	0.11141	0.08935	0.09454	0.09601	0.14369	0.1776	0.18377
SF	1	0.08475	0.08167	0.06737	0.13072	0.11957	0.09412	0.10242	0.10338	0.15829	0.19116	0.20745
SF	1	0.07351	0.06924	0.05687	0.12523	0.11797	0.08672	0.09252	0.08749	0.12683	0.15155	0.18409
SF	1	0.09731	0.11236	0.08926	0.16283	0.15125	0.11117	0.11572	0.11092	0.16651	0.19716	0.21208
SF	1	0.08287	0.08286	0.06855	0.14648	0.14001	0.10215	0.10735	0.09319	0.13422	0.14738	0.18299
SF	1	0.0936	0.09523	0.07586	0.12733	0.11708	0.08788	0.0938	0.09276	0.13792	0.16582	0.17652
SF	1	0.07288	0.07704	0.06365	0.12433	0.1168	0.08792	0.09193	0.0846	0.12432	0.14427	0.16414
SF	1	0.05896	0.07726	0.06183	0.10524	0.09914	0.07844	0.08205	0.08313	0.1127	0.13445	0.14506
SF	1	0.05769	0.0619	0.05008	0.1245	0.11754	0.07988	0.08288	0.07089	0.09398	0.09588	0.13003
SF	1	0.06558	0.08138	0.06536	0.12322	0.11708	0.08799	0.09075	0.08686	0.12238	0.14069	0.1633
SF	1	0.06831	0.06946	0.05671	0.11749	0.1092	0.0823	0.08807	0.0856	0.1256	0.15267	0.15978
SF	1	0.07735	0.07791	0.0642	0.13084	0.12091	0.08913	0.09471	0.09074	0.13662	0.16711	0.1756
SF	1	0.05942	0.06684	0.05565	0.10612	0.09793	0.07477	0.07824	0.07847	0.1239	0.15091	0.15438
SF	1	0.13167	0.1169	0.09361	0.16304	0.14839	0.1171	0.12873	0.12692	0.20166	0.25212	0.26366
SF	1	0.06871	0.06143	0.05146	0.09494	0.08592	0.06944	0.07711	0.07713	0.11948	0.1447	0.15876
SF	1	0.08076	0.09289	0.07314	0.16178	0.15423	0.11443	0.11545	0.10881	0.13658	0.14348	0.19385
SF	1	0.08059	0.07691	0.06319	0.14097	0.12852	0.09255	0.09832	0.09738	0.15224	0.17907	0.20311
SF	1	0.08679	0.08018	0.06568	0.14265	0.13124	0.09272	0.09743	0.08935	0.13307	0.15397	0.17862
SF	1	0.06456	0.06213	0.0519	0.11135	0.10184	0.07549	0.08159	0.08109	0.12484	0.15046	0.17221
SF	1	0.0744	0.07494	0.06023	0.11504	0.1065	0.07843	0.08334	0.07998	0.11607	0.1391	0.14703
SF	1	0.10638	0.14664	0.11448	0.16275	0.15133	0.12325	0.12593	0.13165	0.18528	0.224	0.22953
SF	1	0.09948	0.09436	0.07616	0.14166	0.13005	0.09831	0.10474	0.10247	0.15496	0.18843	0.20041
SF	1	0.06596	0.06706	0.055	0.11437	0.10569	0.07895	0.0842	0.0844	0.12048	0.1449	0.16536
SF	1	0.07593	0.10274	0.08122	0.15762	0.15007	0.11055	0.11179	0.10527	0.13965	0.14837	0.18175
SF	1	0.0892	0.07168	0.06027	0.10828	0.1015	0.07723	0.08453	0.07893	0.1237	0.14585	0.16526
SF	1	0.11116	0.11411	0.09149	0.17636	0.1627	0.11893	0.12604	0.11966	0.1847	0.22532	0.24336
SF	1	0.07752	0.07238	0.06003	0.09207	0.08238	0.07174	0.08126	0.08289	0.13739	0.16881	0.17759
BF	3	0.04602	0.11899	0.09061	0.11267	0.10593	0.09406	0.09082	0.10729	0.12129	0.1273	0.14606
BF	3	0.07357	0.08898	0.06953	0.14659	0.13836	0.09514	0.09673	0.08634	0.11269	0.11814	0.15396
BF	3	0.09807	0.10668	0.0828	0.19833	0.18313	0.11918	0.12256	0.10566	0.14322	0.14789	0.20443
BF	3	0.05735	0.07962	0.06155	0.09692	0.09093	0.0695	0.07145	0.0727	0.08991	0.09982	0.11918
BF	3	0.09248	0.10071	0.07862	0.19936	0.1857	0.11726	0.12249	0.1062	0.13078	0.12803	0.20362
BF	3	0.05926	0.07243	0.05829	0.11765	0.11158	0.07686	0.07862	0.07515	0.09974	0.10847	0.13796
BF	3	0.05341	0.06363	0.05125	0.10743	0.10202	0.06997	0.07194	0.06726	0.085	0.0883	0.11561
BF	3	0.06695	0.1069	0.0845	0.12756	0.1199	0.09819	0.10063	0.10113	0.12757	0.13867	0.16352
BF	3	0.08288	0.10095	0.07759	0.18867	0.17559	0.11385	0.11697	0.09995	0.11638	0.10504	0.1832
BF	3	0.07494	0.148	0.1122	0.1647	0.15398	0.12118	0.11946	0.12551	0.14001	0.1354	0.18402
BF	3	0.07426	0.08359	0.06437	0.15704	0.14777	0.09954	0.10514	0.08975	0.11416	0.1138	0.16541
BF	3	0.06439	0.12168	0.09273	0.11847	0.11215	0.09265	0.09334	0.10264	0.13375	0.15067	0.163
BF	3	0.09865	0.10023	0.07798	0.18472	0.16733	0.11046	0.1146	0.10682	0.13104	0.14129	0.19201
BF	3	0.08188	0.11317	0.08797	0.15683	0.14516	0.10552	0.10823	0.1119	0.13682	0.15492	0.19083
BF	3	0.05548	0.06881	0.05505	0.12492	0.11773	0.07954	0.08113	0.07554	0.09337	0.0955	0.13294
BF	3	0.06182	0.08588	0.06828	0.1334	0.127	0.08929	0.09033	0.08878	0.10521	0.10875	0.15195
BF	3	0.08259	0.12678	0.09804	0.16706	0.15781	0.11816	0.11885	0.11333	0.13581	0.13536	0.18868
BF	3	0.06675	0.0985	0.07707	0.12575	0.12034	0.08877	0.09224	0.09051	0.11835	0.12918	0.15589
BF	3	0.07574	0.08956	0.06968	0.1563	0.1428	0.09908	0.10265	0.09581	0.11781	0.12416	0.17163
BF	3	0.06671	0.10399	0.08087	0.1196	0.11008	0.08651	0.0887	0.09636	0.13225	0.15519	0.16132
BF	3	0.0718	0.0764	0.06023	0.152	0.14186	0.09327	0.09695	0.08594	0.10405	0.10454	0.16383
BF	3	0.05638	0.10513	0.08097	0.11171	0.10597	0.08764	0.08814	0.0966	0.12081	0.13253	0.14725
BF	3	0.06273	0.07746	0.06087	0.13148	0.12261	0.07957	0.08154	0.07688	0.09264	0.09296	0.13606
BF	3	0.08774	0.10497	0.08135	0.18399	0.17335	0.11427	0.11476	0.10191	0.12806	0.12734	0.17872
BF	3	0.08263	0.0919	0.07189	0.16324	0.14875	0.10159	0.10556	0.09484	0.12232	0.12812	0.1778
BF	3	0.0863	0.13364	0.09976	0.19039	0.18019	0.12519	0.1286	0.12243	0.14106	0.13448	0.1986
BF	3	0.07114	0.08285	0.06473	0.14605	0.13608	0.09172	0.09244	0.08078	0.1024	0.10271	0.14861
BF	3	0.08277	0.12973	0.10037	0.15114	0.1416	0.1105	0.11123	0.11633	0.14466	0.15833	0.19134
BF	3	0.07971	0.11496	0.08812	0.16988	0.15848	0.11018	0.1107	0.10467	0.12747	0.1284	0.17494
BF	3	0.08845	0.09196	0.07267	0.17464	0.16346	0.10707	0.11125	0.09378	0.12808	0.13506	0.1796
BF	3	0.0605	0.07101	0.05584	0.13415	0.12653	0.08349	0.08594	0.07472	0.09367	0.09106	0.13797
BF	3	0.07362	0.10661	0.08118	0.1441	0.13276	0.09607	0.09981	0.09931	0.13543	0.14461	0.17108
BF	3	0.06863	0.10725	0.0818	0.15994	0.14943	0.10482	0.10635	0.10629	0.12821	0.12881	0.17495
BF	3	0.05099	0.05168	0.04242	0.10065	0.09523	0.06457	0.06786	0.06311	0.08243	0.09103	0.11659
BF	3	0.06441	0.09581	0.0751	0.13698	0.12878	0.09439	0.09653	0.09666	0.12132	0.12922	0.1631
BF	3	0.08501	0.126	0.09784	0.16452	0.15247	0.11534	0.11645	0.11931	0.14973	0.16624	0.20092
BF	3	0.06492	0.07184	0.05756	0.14038	0.13285	0.08703	0.08908	0.08032	0.10727	0.11145	0.15399
BF	3	0.0705	0.13861	0.10559	0.13571	0.12656	0.10702	0.10673	0.1225	0.15847	0.18098	0.19525
BF	3	0.07308	0.08788	0.06797	0.13077	0.12113	0.0846	0.08823	0.07807	0.09474	0.09352	0.12836
BF	3	0.09141	0.11353	0.08689	0.17687	0.165	0.11389	0.1178	0.11243	0.13909	0.14313	0.19679
BF	3	0.08885	0.14102	0.10748	0.17129	0.15998	0.12265	0.1231	0.13201	0.16533	0.18463	0.2139
BF	3	0.07171	0.10484	0.08141	0.14261	0.13596	0.09949	0.10386	0.1029	0.13247	0.14223	0.17053
BF	3	0.08336	0.11106	0.08758	0.14988	0.14062	0.10405	0.10642	0.10152	0.13823	0.1539	0.17698
GR	3	0.07167	0.16476	0.12206	0.11476	0.09712	0.09697	0.09463	0.13202	0.16243	0.19669	0.17023
GR	3	0.05713	0.17865	0.1297	0.12078	0.10885	0.10647	0.09894	0.14252	0.15218	0.16871	0.18213
GR	3	0.0588	0.16877	0.12456	0.11927	0.1082	0.10637	0.10109	0.14117	0.15519	0.17786	0.19564
GR	3	0.05207	0.14088	0.10567	0.08881	0.08021	0.08306	0.07827	0.11148	0.12444	0.14572	0.14953
GR	3	0.05672	0.1664	0.12289	0.09786	0.09069	0.09756	0.09023	0.1316	0.14584	0.16695	0.1766
GR	3	0.05187	0.16862	0.12375	0.10423	0.09768	0.09898	0.09134	0.12973	0.13985	0.15615	0.17268
GR	3	0.06576	0.14754	0.11244	0.11112	0.10021	0.09682	0.09439	0.12512	0.15631	0.18679	0.18482
GR	3	0.06478	0.12722	0.09863	0.1079	0.09879	0.09031	0.08919	0.11119	0.15089	0.18248	0.18801
GR	3	0.05734	0.12283	0.09435	0.09462	0.08705	0.08121	0.07877	0.10099	0.12793	0.15237	0.15874
GR	3	0.07823	0.15703	0.11822	0.11424	0.10042	0.10075	0.09806	0.13426	0.17078	0.21079	0.19789
GR	3	0.05578	0.15708	0.11688	0.10959	0.10066	0.102	0.09478	0.13315	0.1509	0.17413	0.18645
GR	3	0.06481	0.15363	0.11587	0.10371	0.09411	0.09519	0.09005	0.12165	0.14648	0.17305	0.17481
GR	3	0.06745	0.14557	0.10969	0.12933	0.12177	0.10505	0.10181	0.12051	0.14926	0.17086	0.18603
GR	3	0.07399	0.16916	0.12696	0.11051	0.09818	0.10494	0.10041	0.1451	0.17341	0.20966	0.2067
GR	3	0.06223	0.17291	0.12565	0.10895	0.0959	0.10071	0.091	0.14297	0.14957	0.17288	0.16963
GR	3	0.06719	0.16833	0.12649	0.11507	0.10388	0.10706	0.10183	0.14505	0.17028	0.2022	0.20537
GR	3	0.06357	0.14771	0.11253	0.10559	0.09374	0.09487	0.09062	0.12865	0.15682	0.18767	0.1884
GR	3	0.07306	0.16225	0.12099	0.1182	0.10365	0.10185	0.09746	0.14063	0.1723	0.20927	0.20747
GR	3	0.06064	0.10013	0.07942	0.10498	0.09981	0.08495	0.0861	0.09599	0.12116	0.1409	0.16227
GR	3	0.07602	0.11824	0.09191	0.10392	0.09257	0.08456	0.08633	0.10504	0.14687	0.1829	0.17889
GR	3	0.03519	0.11328	0.08634	0.06435	0.05908	0.06389	0.05927	0.0829	0.0956	0.11082	0.12386
GR	3	0.05557	0.09183	0.07209	0.06979	0.06367	0.06084	0.06153	0.07196	0.10269	0.1255	0.13032
GR	3	0.06863	0.17149	0.12733	0.10689	0.09718	0.10355	0.09684	0.13797	0.15913	0.1871	0.19539
GR	3	0.05736	0.17283	0.1276	0.10875	0.10087	0.10344	0.09524	0.13504	0.1523	0.17453	0.19037
SF	3	0.10811	0.14681	0.11116	0.16227	0.14164	0.11246	0.12099	0.13095	0.18625	0.22278	0.22804
SF	3	0.07324	0.09967	0.07736	0.11064	0.09597	0.08096	0.08827	0.10078	0.14089	0.17144	0.16921
SF	3	0.09586	0.12099	0.0931	0.15503	0.13859	0.10468	0.11147	0.11539	0.15862	0.1841	0.20163
SF	3	0.08931	0.10642	0.0834	0.12374	0.10957	0.08856	0.09403	0.10448	0.14681	0.17925	0.179
SF	3	0.10168	0.14501	0.11121	0.15941	0.14092	0.1137	0.1191	0.13605	0.17605	0.21499	0.22694
SF	3	0.0569	0.07338	0.05896	0.08664	0.07525	0.0642	0.06949	0.08156	0.12082	0.1514	0.14806
SF	3	0.10041	0.14001	0.10845	0.12881	0.11161	0.09569	0.10016	0.11597	0.17005	0.21278	0.20476
SF	3	0.08107	0.12563	0.09662	0.13231	0.11959	0.09934	0.10137	0.11274	0.15723	0.18684	0.19068
SF	3	0.09213	0.15832	0.11821	0.14668	0.13043	0.11401	0.11465	0.13994	0.18063	0.21388	0.22171
SF	3	0.05952	0.10844	0.0841	0.10879	0.09964	0.086	0.08698	0.10103	0.13147	0.1534	0.15956
SF	3	0.09357	0.11556	0.09112	0.11984	0.10665	0.09075	0.09533	0.09947	0.15572	0.18984	0.17936
SF	3	0.09233	0.13807	0.1058	0.15597	0.14208	0.11414	0.11648	0.12679	0.17236	0.2005	0.21089
SF	3	0.08691	0.13864	0.10464	0.13606	0.1208	0.10599	0.10863	0.13168	0.17011	0.20214	0.20898
SF	3	0.09288	0.11841	0.0922	0.12627	0.11278	0.09521	0.09795	0.10919	0.1573	0.19084	0.18477
SF	3	0.09372	0.13511	0.1031	0.15362	0.13829	0.1088	0.11336	0.12348	0.1706	0.20029	0.21303
SF	3	0.11052	0.14178	0.10708	0.18169	0.16256	0.12592	0.13097	0.14016	0.19426	0.23536	0.24823
SF	3	0.10996	0.13877	0.1066	0.16173	0.14359	0.11668	0.12332	0.13174	0.19329	0.2364	0.23787
SF	3	0.10636	0.13137	0.10204	0.13818	0.12245	0.10054	0.10648	0.11659	0.17612	0.21778	0.20677
SF	3	0.09541	0.14014	0.10707	0.1246	0.10967	0.09899	0.10284	0.12146	0.1804	0.21851	0.20605
SF	3	0.10522	0.16831	0.1245	0.14865	0.12942	0.11215	0.11614	0.14443	0.19378	0.2322	0.23039
SF	3	0.08742	0.12028	0.09186	0.12247	0.10665	0.09256	0.09736	0.11556	0.16601	0.20735	0.19992
SF	3	0.0871	0.11758	0.09059	0.14499	0.13103	0.10406	0.10939	0.12027	0.16513	0.19937	0.2045
SF	3	0.08815	0.15892	0.11932	0.15357	0.13643	0.11837	0.12038	0.14699	0.19749	0.23781	0.23758
SF	3	0.09774	0.11531	0.0912	0.11253	0.10007	0.08822	0.09276	0.10368	0.16201	0.20314	0.18292
SF	3	0.08406	0.11363	0.08871	0.10984	0.09857	0.08661	0.09136	0.09969	0.15164	0.18371	0.17076
SF	3	0.06643	0.08082	0.06458	0.10281	0.09024	0.07243	0.07553	0.0869	0.13267	0.15936	0.16243
SF	3	0.08112	0.12968	0.09791	0.12052	0.10594	0.09374	0.09611	0.1159	0.15941	0.19411	0.18956
SF	3	0.10605	0.15812	0.1174	0.13263	0.11412	0.10918	0.11325	0.14972	0.20531	0.26185	0.24645
SF	3	0.10602	0.14109	0.10781	0.17066	0.15307	0.12011	0.12374	0.13517	0.19061	0.22992	0.23828
SF	3	0.08398	0.08473	0.06798	0.13031	0.11928	0.08812	0.09395	0.0925	0.13852	0.16755	0.18092
SF	3	0.08734	0.14955	0.11161	0.13567	0.11967	0.10785	0.11012	0.14086	0.1853	0.225	0.22154
SF	3	0.07551	0.1035	0.0807	0.13039	0.12029	0.09598	0.09788	0.10346	0.14027	0.1609	0.1754
SF	3	0.08447	0.13826	0.10453	0.13983	0.12637	0.10741	0.11082	0.13124	0.17266	0.20566	0.21698
SF	3	0.09239	0.12195	0.09397	0.13587	0.1216	0.10113	0.10664	0.11921	0.1759	0.21687	0.2093
SF	3	0.09498	0.16083	0.11968	0.16513	0.14955	0.12452	0.1262	0.14881	0.19053	0.22308	0.23857
SF	3	0.07666	0.12482	0.09508	0.13392	0.1207	0.1009	0.10144	0.11858	0.15875	0.18453	0.19301
SF	3	0.08449	0.09197	0.07346	0.11886	0.10816	0.08391	0.08943	0.09132	0.14316	0.17637	0.17872
SF	3	0.10161	0.1695	0.12447	0.1577	0.14171	0.12141	0.12283	0.14228	0.18691	0.21887	0.21982
SF	3	0.08409	0.14784	0.10976	0.14086	0.12869	0.1071	0.10948	0.11968	0.1678	0.18807	0.19397
SF	3	0.06747	0.13447	0.09993	0.12546	0.11381	0.09876	0.10122	0.11592	0.16583	0.19171	0.18807
SF	3	0.07726	0.10856	0.08286	0.12149	0.10939	0.09141	0.09727	0.10737	0.16111	0.19039	0.18745
BF	5	0.06936	0.11043	0.08571	0.14428	0.13535	0.09809	0.09486	0.1013	0.11953	0.12864	0.15763
BF	5	0.03006	0.12012	0.09	0.07988	0.08029	0.07354	0.06378	0.09005	0.07633	0.07318	0.10536
BF	5	0.03666	0.13224	0.09927	0.08996	0.08893	0.08157	0.07238	0.09969	0.08914	0.09164	0.12215
BF	5	0.04651	0.06667	0.05256	0.10214	0.09814	0.07002	0.0707	0.06802	0.08299	0.08639	0.12029
BF	5	0.06953	0.17359	0.12645	0.14654	0.1464	0.11616	0.10426	0.13348	0.13503	0.13887	0.20881
BF	5	0.11753	0.16104	0.11637	0.20703	0.20249	0.13151	0.12407	0.13314	0.1571	0.16574	0.26464
BF	5	0.06213	0.13123	0.09772	0.14118	0.13494	0.10177	0.09479	0.11325	0.11997	0.12385	0.16914
BF	5	0.0722	0.13074	0.0995	0.14648	0.13791	0.10408	0.09816	0.11181	0.11945	0.1254	0.16314
BF	5	0.0519	0.12085	0.09015	0.11405	0.10874	0.08669	0.08048	0.09808	0.10193	0.10437	0.13488
BF	5	0.07889	0.17667	0.12857	0.15021	0.15394	0.11914	0.10471	0.13475	0.13342	0.13718	0.20317
BF	5	0.09551	0.13747	0.10231	0.19057	0.19032	0.12606	0.12072	0.11745	0.13332	0.13455	0.21242
BF	5	0.14729	0.1496	0.10855	0.26057	0.26247	0.14921	0.14453	0.12843	0.15825	0.16105	0.307
BF	5	0.07863	0.14649	0.10991	0.1661	0.1609	0.11668	0.11114	0.12114	0.13221	0.13623	0.18565
BF	5	0.073	0.12707	0.09586	0.15025	0.14543	0.10642	0.10102	0.10819	0.11552	0.11713	0.16435
BF	5	0.06478	0.09045	0.06957	0.12652	0.11966	0.0862	0.08626	0.082	0.10115	0.10297	0.139
BF	5	0.07859	0.1549	0.11579	0.16336	0.15858	0.11749	0.11151	0.12628	0.14491	0.15364	0.18366
BF	5	0.03992	0.05125	0.04345	0.09376	0.09334	0.0661	0.06908	0.06128	0.08633	0.09671	0.11449
BF	5	0.06284	0.0646	0.05457	0.11884	0.11885	0.08029	0.08493	0.07019	0.10056	0.11123	0.13788
BF	5	0.06502	0.07803	0.06339	0.12335	0.12253	0.08537	0.08933	0.07742	0.10073	0.11086	0.13905
BF	5	0.07327	0.06751	0.05664	0.14333	0.1386	0.08979	0.0945	0.0759	0.10615	0.11542	0.14803
BF	5	0.09268	0.11331	0.09051	0.17677	0.1731	0.11914	0.12105	0.10951	0.14989	0.16864	0.19807
BF	5	0.072	0.07621	0.06372	0.1417	0.13967	0.09474	0.09934	0.08447	0.12414	0.14209	0.17302
BF	5	0.05477	0.06444	0.05447	0.10994	0.10822	0.07826	0.08117	0.0709	0.10238	0.118	0.13468
BF	5	0.08454	0.09716	0.07833	0.15786	0.15522	0.10537	0.10829	0.09386	0.12946	0.14173	0.17196
BF	5	0.08261	0.08264	0.0667	0.16823	0.16314	0.10986	0.1133	0.09517	0.12744	0.13999	0.18354
BF	5	0.05279	0.06281	0.05354	0.09413	0.09135	0.07143	0.07482	0.0688	0.10787	0.13261	0.1389
BF	5	0.08471	0.09662	0.07972	0.13114	0.12338	0.09396	0.09684	0.09369	0.14904	0.18452	0.18198
BF	5	0.04986	0.05517	0.04601	0.10754	0.10523	0.07206	0.07535	0.06628	0.09518	0.10801	0.13019
BF	5	0.07438	0.0964	0.07667	0.12867	0.12161	0.09298	0.09562	0.09217	0.13781	0.16478	0.17959
GR	5	0.09152	0.20658	0.153	0.14204	0.12609	0.12614	0.12389	0.17046	0.21999	0.26723	0.24945
GR	5	0.06019	0.1019	0.07915	0.11574	0.10937	0.08709	0.0901	0.09242	0.1138	0.12649	0.14291
GR	5	0.07705	0.15968	0.1213	0.10823	0.09655	0.09884	0.09806	0.13022	0.16672	0.20023	0.19212
GR	5	0.07834	0.1955	0.14534	0.12796	0.11556	0.11849	0.11256	0.15911	0.19099	0.22587	0.22277
GR	5	0.06158	0.14458	0.10878	0.10471	0.09311	0.09169	0.08738	0.12471	0.14274	0.16713	0.16445
GR	5	0.07688	0.15077	0.11362	0.09759	0.08681	0.09501	0.09387	0.12843	0.15933	0.19601	0.18883
GR	5	0.0767	0.11499	0.08984	0.10539	0.09361	0.08476	0.08657	0.10828	0.15182	0.19151	0.17518
GR	5	0.08199	0.15335	0.11631	0.13416	0.12102	0.10793	0.10688	0.13405	0.1699	0.20598	0.20601
GR	5	0.07046	0.1752	0.13253	0.12168	0.11065	0.10967	0.10254	0.14169	0.16642	0.19432	0.19809
GR	5	0.08705	0.17461	0.13318	0.17421	0.16788	0.13859	0.13693	0.14663	0.17739	0.1966	0.22014
GR	5	0.04258	0.11174	0.08585	0.07984	0.07256	0.07411	0.07231	0.10031	0.11815	0.13916	0.13786
GR	5	0.05605	0.15642	0.11955	0.1229	0.12533	0.11408	0.11589	0.12971	0.1465	0.15497	0.18082
GR	5	0.07471	0.17637	0.13188	0.12663	0.11624	0.11401	0.10907	0.14419	0.17526	0.20335	0.19874
GR	5	0.07982	0.15303	0.11613	0.14121	0.12983	0.11012	0.10809	0.13055	0.17214	0.20478	0.21031
GR	5	0.07108	0.15419	0.11864	0.13494	0.1274	0.11381	0.1123	0.12946	0.16313	0.19151	0.20203
GR	5	0.0527	0.08904	0.0687	0.08653	0.0775	0.06812	0.06752	0.08413	0.10948	0.13377	0.12938
GR	5	0.05859	0.10962	0.08423	0.09484	0.0864	0.08118	0.08102	0.10262	0.12765	0.15337	0.15832
GR	5	0.06093	0.15149	0.11227	0.1007	0.08951	0.09174	0.08716	0.12443	0.14589	0.17227	0.16541
GR	5	0.05783	0.12585	0.09572	0.10267	0.09349	0.08867	0.08833	0.11384	0.14313	0.16843	0.16771
GR	5	0.04887	0.09494	0.07389	0.08127	0.07339	0.06817	0.06709	0.08689	0.11081	0.1332	0.1288
GR	5	0.07285	0.17704	0.13117	0.11103	0.0991	0.10572	0.09992	0.14694	0.16697	0.20025	0.19975
GR	5	0.07549	0.16754	0.12741	0.15867	0.15494	0.13176	0.13069	0.14299	0.17436	0.1889	0.21817
GR	5	0.07178	0.16131	0.12168	0.12443	0.11453	0.10812	0.10596	0.1372	0.1687	0.19967	0.19872
GR	5	0.08962	0.1348	0.10446	0.13844	0.1242	0.10434	0.10737	0.12641	0.175	0.21907	0.21311
GR	5	0.0585	0.1111	0.08547	0.09636	0.0884	0.08156	0.08191	0.10146	0.13903	0.16909	0.16104
GR	5	0.07525	0.16483	0.1246	0.15351	0.14742	0.12417	0.12173	0.13538	0.1601	0.1768	0.19884
GR	5	0.07966	0.13508	0.10313	0.12244	0.11293	0.10442	0.10477	0.12695	0.15982	0.19382	0.19812
GR	5	0.07523	0.18185	0.13915	0.15731	0.15807	0.13863	0.14259	0.15384	0.17633	0.19101	0.22358
GR	5	0.05651	0.15212	0.11476	0.11354	0.10794	0.10542	0.09947	0.12617	0.14227	0.1576	0.17136
GR	5	0.07345	0.15618	0.11827	0.11972	0.10717	0.10382	0.09897	0.1325	0.16248	0.19275	0.18762
GR	5	0.06443	0.19	0.14299	0.15101	0.15135	0.13816	0.13496	0.15508	0.17194	0.17952	0.2097
GR	5	0.0521	0.11489	0.088	0.07798	0.07069	0.07411	0.0714	0.10363	0.12817	0.15724	0.14938
GR	5	0.07497	0.13326	0.10328	0.16028	0.15984	0.12298	0.12628	0.12034	0.14584	0.1566	0.19551
GR	5	0.0583	0.16176	0.12285	0.12991	0.12882	0.11892	0.11707	0.13861	0.15252	0.16866	0.19592
GR	5	0.07227	0.16894	0.12661	0.11611	0.10558	0.10975	0.10643	0.14495	0.17982	0.21891	0.20947
GR	5	0.07812	0.14996	0.11398	0.11786	0.1059	0.10071	0.0998	0.12823	0.17498	0.21463	0.20478
GR	5	0.06947	0.16222	0.12074	0.12312	0.11067	0.10999	0.10775	0.1371	0.17291	0.20505	0.20061
GR	5	0.08916	0.17301	0.12916	0.13986	0.12648	0.11765	0.11741	0.14729	0.19899	0.23926	0.22822
SF	5	0.05916	0.18566	0.13526	0.11257	0.10571	0.10951	0.09906	0.14881	0.16006	0.1824	0.19727
SF	5	0.06724	0.15527	0.11542	0.11901	0.11132	0.1034	0.09903	0.12955	0.1551	0.18088	0.199
SF	5	0.06523	0.16821	0.12442	0.11497	0.10691	0.10718	0.10054	0.1436	0.16594	0.19378	0.20534
SF	5	0.06462	0.11621	0.0884	0.11231	0.10515	0.08996	0.08842	0.10284	0.13126	0.15424	0.16683
SF	5	0.07085	0.15634	0.11628	0.11958	0.10883	0.10146	0.09625	0.12923	0.15492	0.18009	0.1883
SF	5	0.05498	0.18013	0.13195	0.10709	0.10303	0.10617	0.09703	0.13779	0.14988	0.16257	0.17476
SF	5	0.04274	0.09695	0.07447	0.08644	0.08412	0.07355	0.07132	0.08148	0.10001	0.10529	0.12211
SF	5	0.07287	0.16142	0.11944	0.11411	0.10296	0.10033	0.0948	0.13391	0.15778	0.18916	0.19282
SF	5	0.07524	0.18548	0.1355	0.12978	0.11789	0.11722	0.10958	0.16104	0.18211	0.21529	0.22823
SF	5	0.04409	0.11985	0.09004	0.09602	0.09111	0.0838	0.07876	0.10405	0.1181	0.13071	0.14786
SF	5	0.0695	0.164	0.12178	0.12207	0.11564	0.11004	0.1048	0.13864	0.15981	0.18566	0.20069
SF	5	0.0364	0.12601	0.09369	0.07222	0.06838	0.07534	0.06759	0.10337	0.10705	0.11816	0.12687
SF	5	0.06549	0.1431	0.10521	0.11612	0.10569	0.09527	0.09005	0.12112	0.14565	0.16922	0.1808
SF	5	0.07623	0.19771	0.14446	0.13125	0.12218	0.1212	0.11181	0.16063	0.17713	0.20321	0.20963
SF	5	0.06463	0.17186	0.12609	0.1183	0.10972	0.10788	0.1011	0.14254	0.16313	0.18513	0.20002
SF	5	0.07212	0.15113	0.11202	0.12828	0.11943	0.10707	0.1038	0.13215	0.16345	0.19237	0.20745
SF	5	0.04918	0.1906	0.13882	0.09246	0.08798	0.10362	0.0907	0.1473	0.14166	0.15643	0.16544
SF	5	0.04256	0.13779	0.10228	0.09014	0.08452	0.0868	0.08197	0.11787	0.13524	0.15086	0.16276
SF	5	0.07735	0.20153	0.14984	0.13658	0.12696	0.12523	0.11562	0.16414	0.19616	0.22189	0.23131
SF	5	0.07193	0.16252	0.12088	0.11965	0.11141	0.10804	0.10233	0.13886	0.15687	0.18219	0.19743
SF	5	0.07287	0.1457	0.10923	0.11586	0.10791	0.09954	0.09636	0.12482	0.15435	0.18443	0.19805
SF	5	0.05682	0.12495	0.09406	0.12	0.11438	0.09771	0.09442	0.10918	0.12726	0.13159	0.16533
SF	5	0.07356	0.17101	0.12656	0.12527	0.11531	0.10999	0.1044	0.14444	0.17025	0.20093	0.21064
SF	5	0.0435	0.17464	0.12732	0.08949	0.08569	0.09802	0.0869	0.13265	0.13365	0.14788	0.15592
SF	5	0.08286	0.16073	0.11983	0.12161	0.10982	0.10616	0.10278	0.13687	0.17238	0.20839	0.21058
SF	5	0.05997	0.18134	0.12928	0.11218	0.10562	0.10504	0.09638	0.13519	0.14849	0.16181	0.17885
SF	5	0.04473	0.10097	0.07681	0.08214	0.07591	0.07141	0.06855	0.08981	0.11097	0.12942	0.135
SF	5	0.0698	0.14278	0.10643	0.11636	0.10755	0.09463	0.09281	0.11323	0.14582	0.16793	0.17509
SF	5	0.06185	0.16166	0.12051	0.11792	0.11144	0.10733	0.102	0.13814	0.15441	0.17615	0.19664
SF	5	0.08591	0.15025	0.11385	0.11895	0.10658	0.1011	0.09854	0.13198	0.17044	0.20961	0.2118
SF	5	0.06993	0.1624	0.12204	0.12929	0.12185	0.11274	0.10568	0.14048	0.15774	0.18136	0.2064
SF	5	0.04387	0.10231	0.07829	0.07937	0.07752	0.07014	0.06783	0.0804	0.09587	0.10852	0.12058
SF	5	0.08148	0.1387	0.1053	0.12263	0.11275	0.09797	0.09586	0.11392	0.15001	0.18034	0.1806
SF	5	0.06046	0.14827	0.11108	0.12004	0.1137	0.10467	0.1015	0.13052	0.1507	0.1702	0.18893
SF	5	0.07191	0.15021	0.11281	0.12415	0.11352	0.10076	0.09683	0.1258	0.17066	0.1997	0.20589
SF	5	0.03984	0.13996	0.10346	0.08512	0.07863	0.08566	0.07552	0.11938	0.11531	0.12537	0.13195
SF	5	0.07434	0.18463	0.13727	0.12869	0.12156	0.11637	0.10859	0.14575	0.16642	0.18469	0.19508
SF	5	0.07266	0.16492	0.12331	0.12643	0.11739	0.10968	0.1051	0.13702	0.16313	0.19	0.19719
SF	5	0.07909	0.17545	0.12984	0.14578	0.13614	0.12299	0.11828	0.15148	0.1862	0.21815	0.2354
SF	5	0.08227	0.15894	0.11922	0.14021	0.13058	0.11636	0.11342	0.13906	0.17065	0.19925	0.21912
SF	5	0.07538	0.15722	0.11855	0.13009	0.12049	0.10832	0.10539	0.13216	0.16844	0.19684	0.20636
SF	5	0.06777	0.13044	0.0988	0.11163	0.10191	0.09282	0.09277	0.11889	0.15271	0.18292	0.18796
SF	5	0.07994	0.16598	0.12263	0.13452	0.1208	0.11112	0.1075	0.14543	0.17709	0.21024	0.21689
SF	5	0.05842	0.12924	0.09776	0.11947	0.11448	0.09878	0.09533	0.11322	0.13839	0.15386	0.17572
SF	5	0.06727	0.20165	0.14746	0.1206	0.11306	0.11703	0.10522	0.15648	0.17436	0.19572	0.19226
SF	5	0.06288	0.14441	0.10791	0.09232	0.08298	0.08582	0.08027	0.1173	0.14573	0.1706	0.17234
SF	5	0.0817	0.17737	0.13107	0.14501	0.13499	0.1201	0.11475	0.15082	0.17975	0.21216	0.22182
SF	5	0.07131	0.16626	0.12351	0.13358	0.12262	0.11224	0.1067	0.14366	0.16964	0.19914	0.2097
BF	7	0.2056	0.16365	0.11074	0.3182	0.28117	0.16093	0.16131	0.15914	0.20774	0.21235	0.43659
BF	7	0.15459	0.14751	0.1002	0.2431	0.22417	0.13323	0.12854	0.12587	0.15082	0.14268	0.31248
BF	7	0.27565	0.09954	0.06393	0.31319	0.26568	0.1301	0.13142	0.10437	0.13134	0.11991	0.46584
BF	7	0.07599	0.09807	0.07191	0.14996	0.1428	0.09478	0.0938	0.09238	0.1033	0.09445	0.17618
BF	7	0.07905	0.13351	0.10009	0.16291	0.15018	0.10915	0.10413	0.11447	0.13511	0.14334	0.17933
BF	7	0.08526	0.18565	0.13478	0.17414	0.1625	0.1309	0.12027	0.15657	0.16345	0.17401	0.21558
BF	7	0.05812	0.20938	0.14988	0.13698	0.12994	0.12693	0.1134	0.16839	0.16417	0.16814	0.22501
BF	7	0.06882	0.15066	0.11075	0.12922	0.12199	0.10289	0.09623	0.1209	0.13305	0.14231	0.17047
BF	7	0.04866	0.19926	0.14382	0.09973	0.09342	0.10665	0.09053	0.15195	0.13755	0.14258	0.15863
BF	7	0.05372	0.10358	0.07767	0.11063	0.10443	0.0819	0.07816	0.08664	0.09348	0.0944	0.134
BF	7	0.04931	0.16688	0.12104	0.09735	0.08909	0.09335	0.08041	0.1263	0.12725	0.13642	0.14541
BF	7	0.0607	0.14969	0.10927	0.13953	0.13171	0.1064	0.09763	0.12583	0.1239	0.12062	0.17417
BF	7	0.05665	0.06886	0.05398	0.11802	0.10995	0.07546	0.07389	0.06997	0.07711	0.07421	0.11617
BF	7	0.07618	0.10382	0.07997	0.15007	0.14253	0.09893	0.09692	0.09694	0.11493	0.1198	0.15908
BF	7	0.05669	0.1309	0.09736	0.11557	0.10871	0.09408	0.08817	0.10951	0.1251	0.13528	0.15695
BF	7	0.04981	0.07782	0.05924	0.10926	0.1054	0.07581	0.07411	0.07534	0.08425	0.08454	0.12729
BF	7	0.04595	0.04674	0.03759	0.10046	0.09746	0.06341	0.06583	0.05369	0.06664	0.06284	0.1087
BF	7	0.0685	0.16159	0.1185	0.15024	0.14003	0.11638	0.1098	0.13699	0.14931	0.15694	0.19928
BF	7	0.09511	0.13752	0.10427	0.15158	0.13613	0.1046	0.10244	0.11646	0.16778	0.19021	0.22649
BF	7	0.08979	0.13389	0.09849	0.18404	0.17342	0.11822	0.11572	0.12096	0.14603	0.14396	0.23084
BF	7	0.05243	0.08594	0.06637	0.11011	0.10675	0.07696	0.075	0.07654	0.09051	0.09462	0.12615
BF	7	0.07246	0.14951	0.11068	0.14272	0.13063	0.10751	0.10257	0.12926	0.15633	0.17353	0.20537
BF	7	0.1115	0.10458	0.07971	0.19617	0.18419	0.11321	0.11247	0.10172	0.12655	0.13221	0.20229
BF	7	0.07769	0.10831	0.08087	0.15105	0.14202	0.0991	0.09546	0.10047	0.11172	0.11046	0.16729
BF	7	0.03437	0.10569	0.07806	0.08063	0.07665	0.06822	0.06068	0.08586	0.08231	0.08195	0.1104
BF	7	0.10092	0.15836	0.11662	0.21036	0.19356	0.13572	0.12957	0.13774	0.15919	0.15779	0.22176
BF	7	0.05422	0.14424	0.10734	0.11602	0.10907	0.09973	0.09272	0.12382	0.13071	0.14103	0.17228
BF	7	0.09123	0.13024	0.09809	0.19101	0.18057	0.12389	0.12095	0.11812	0.14026	0.1438	0.20051
BF	7	0.07772	0.1615	0.11882	0.15444	0.14298	0.11593	0.10796	0.13899	0.15631	0.1664	0.20033
BF	7	0.05913	0.15427	0.11326	0.12537	0.11798	0.10217	0.09396	0.12505	0.13455	0.14519	0.16905
BF	7	0.06646	0.1246	0.09094	0.12499	0.11694	0.09406	0.08926	0.10714	0.12054	0.12219	0.17457
BF	7	0.0822	0.20727	0.15151	0.15144	0.13956	0.13143	0.12239	0.17066	0.18843	0.20665	0.23171
BF	7	0.07229	0.11959	0.08985	0.14504	0.13591	0.09931	0.09611	0.09955	0.11418	0.11538	0.16302
BF	7	0.08109	0.10532	0.07928	0.14621	0.13573	0.09658	0.09589	0.09671	0.11784	0.12206	0.16847
BF	7	0.05187	0.08834	0.06758	0.10811	0.10262	0.07706	0.07446	0.07966	0.08808	0.08965	0.12567
BF	7	0.08132	0.16043	0.11811	0.17076	0.15823	0.1209	0.11264	0.1315	0.14675	0.14758	0.19247
BF	7	0.0839	0.1123	0.0844	0.16693	0.15822	0.10563	0.10259	0.09959	0.10631	0.10204	0.16771
GR	7	0.05206	0.2025	0.14676	0.12212	0.11745	0.12099	0.11061	0.15319	0.16153	0.16835	0.20219
GR	7	0.04187	0.13353	0.1023	0.09561	0.09252	0.09165	0.08702	0.11426	0.12568	0.14091	0.16426
GR	7	0.01952	0.15014	0.11023	0.04069	0.03812	0.06686	0.05295	0.10458	0.08505	0.09024	0.1026
GR	7	0.01878	0.14478	0.10599	0.05687	0.05149	0.07354	0.0603	0.11178	0.09342	0.0965	0.1145
GR	7	0.08672	0.14918	0.1109	0.13222	0.11631	0.10996	0.10834	0.14573	0.19497	0.23329	0.2294
GR	7	0.07195	0.16467	0.12148	0.16908	0.16568	0.14245	0.13933	0.15221	0.16736	0.17492	0.21521
GR	7	0.09673	0.14782	0.11036	0.13638	0.12115	0.11282	0.114	0.15129	0.2063	0.25292	0.25506
GR	7	0.0632	0.11305	0.08669	0.1185	0.11267	0.09766	0.09445	0.10493	0.1205	0.1318	0.14989
GR	7	0.06202	0.10901	0.08425	0.12221	0.11876	0.10009	0.10076	0.11252	0.13712	0.15625	0.17307
GR	7	0.07861	0.1319	0.09928	0.11985	0.11165	0.09844	0.09767	0.11751	0.14641	0.17179	0.17802
GR	7	0.07297	0.14029	0.10417	0.14747	0.13705	0.11251	0.11045	0.13466	0.17396	0.20482	0.22277
GR	7	0.08211	0.1045	0.07935	0.15362	0.14422	0.10903	0.10958	0.11316	0.14448	0.16967	0.1847
GR	7	0.05641	0.12649	0.09347	0.11945	0.1125	0.10331	0.09969	0.12939	0.14506	0.16949	0.18429
GR	7	0.11063	0.20218	0.14975	0.24779	0.2283	0.1784	0.1661	0.17769	0.21545	0.22118	0.27088
GR	7	0.05379	0.14279	0.10447	0.10903	0.10233	0.10054	0.0941	0.13717	0.14876	0.17415	0.18242
GR	7	0.06213	0.10628	0.08089	0.11708	0.10792	0.09098	0.09082	0.11368	0.14865	0.18152	0.18898
GR	7	0.08395	0.17371	0.1279	0.14655	0.13794	0.12349	0.11562	0.14245	0.15743	0.17209	0.19463
GR	7	0.06617	0.15814	0.11698	0.13883	0.12863	0.11776	0.11326	0.14535	0.17749	0.20691	0.221
GR	7	0.08535	0.14694	0.10934	0.15662	0.142	0.12073	0.11864	0.14784	0.18541	0.22003	0.23185
GR	7	0.10189	0.12175	0.09145	0.11594	0.10297	0.09669	0.10123	0.12487	0.18457	0.22708	0.22987
GR	7	0.09008	0.12546	0.09465	0.11609	0.10608	0.09439	0.09473	0.11986	0.16203	0.19867	0.19336
GR	7	0.12404	0.16882	0.1261	0.21649	0.19812	0.15312	0.14775	0.15936	0.19972	0.22421	0.25281
GR	7	0.05997	0.11619	0.08777	0.11852	0.10997	0.09586	0.09474	0.11439	0.15064	0.17993	0.18362
GR	7	0.11409	0.16651	0.12488	0.19893	0.18508	0.14695	0.15463	0.16999	0.20752	0.24517	0.26985
GR	7	0.11387	0.1855	0.13569	0.23406	0.21894	0.1656	0.1627	0.17997	0.22717	0.24951	0.29223
GR	7	0.08206	0.15368	0.1131	0.12131	0.10864	0.10234	0.09892	0.14222	0.17321	0.21228	0.203
GR	7	0.07526	0.13601	0.10175	0.13469	0.12661	0.11088	0.10693	0.13709	0.15425	0.17924	0.19063
GR	7	0.0985	0.16235	0.12042	0.18508	0.17551	0.13886	0.13547	0.15289	0.18215	0.20765	0.23447
GR	7	0.06601	0.10481	0.07919	0.11642	0.11367	0.08533	0.08588	0.08729	0.10657	0.11743	0.13997
GR	7	0.06218	0.11682	0.08893	0.13001	0.12719	0.09871	0.09911	0.10229	0.12582	0.13756	0.16814
GR	7	0.05406	0.13429	0.10133	0.11865	0.11551	0.10576	0.09941	0.12044	0.13733	0.15645	0.17308
GR	7	0.0781	0.11574	0.08887	0.14576	0.13613	0.10821	0.10665	0.11776	0.15057	0.17277	0.19223
GR	7	0.09132	0.15202	0.11311	0.13505	0.12184	0.11155	0.11054	0.1472	0.19085	0.23461	0.23107
GR	7	0.06807	0.15283	0.11307	0.14498	0.13831	0.11902	0.11388	0.14277	0.15869	0.17661	0.19225
GR	7	0.06774	0.1567	0.11622	0.13889	0.12884	0.11625	0.11292	0.15059	0.18338	0.2176	0.22921
GR	7	0.08303	0.10358	0.07907	0.14163	0.133	0.10237	0.10352	0.1095	0.14377	0.16826	0.19039
GR	7	0.09147	0.18202	0.13398	0.18157	0.1728	0.14728	0.1447	0.17456	0.19075	0.21696	0.24341
GR	7	0.06914	0.13933	0.10449	0.15036	0.14307	0.12559	0.12049	0.13333	0.14485	0.15189	0.19442
GR	7	0.05868	0.14439	0.10645	0.12865	0.12048	0.10845	0.10125	0.12822	0.13665	0.15162	0.17386
GR	7	0.07228	0.17573	0.12903	0.16699	0.16127	0.13416	0.13001	0.15394	0.18165	0.19899	0.23502
GR	7	0.06541	0.12928	0.09609	0.11115	0.10451	0.09628	0.09286	0.11984	0.1367	0.15981	0.16866
GR	7	0.08473	0.14935	0.11317	0.18193	0.1757	0.1369	0.14547	0.14808	0.18228	0.20423	0.23578
GR	7	0.08249	0.09976	0.07891	0.13994	0.12936	0.09924	0.10278	0.1091	0.15643	0.18817	0.19887
GR	7	0.10121	0.12505	0.09557	0.16986	0.1563	0.11761	0.11983	0.12369	0.17419	0.20511	0.22187
GR	7	0.07357	0.08661	0.06778	0.13543	0.12776	0.09426	0.09571	0.09974	0.14218	0.16587	0.17534
GR	7	0.12182	0.17511	0.13007	0.18788	0.16946	0.14	0.14171	0.17128	0.23034	0.28522	0.29154
GR	7	0.06757	0.17816	0.13092	0.16509	0.16236	0.13969	0.14169	0.16127	0.16975	0.18018	0.22897
GR	7	0.10778	0.17177	0.12661	0.1678	0.15381	0.12971	0.12796	0.16605	0.20374	0.25059	0.24712
GR	7	0.08612	0.1001	0.07603	0.12113	0.11061	0.08549	0.08834	0.09484	0.12966	0.15743	0.18047
GR	7	0.07762	0.12678	0.09588	0.16125	0.14949	0.11449	0.11901	0.1307	0.17039	0.20154	0.20766
SF	7	0.09428	0.18688	0.13753	0.14683	0.13193	0.1257	0.12475	0.16205	0.20334	0.24013	0.24061
SF	7	0.07554	0.16471	0.1206	0.1353	0.12056	0.11092	0.10673	0.148	0.17783	0.21151	0.2103
SF	7	0.07621	0.17073	0.12739	0.10426	0.09143	0.10327	0.09975	0.14603	0.17915	0.21665	0.2046
SF	7	0.09083	0.18875	0.13713	0.13641	0.12338	0.12169	0.11935	0.16366	0.19706	0.23183	0.23762
SF	7	0.08453	0.18957	0.13824	0.13643	0.12225	0.12127	0.11676	0.1619	0.1958	0.23022	0.23333
SF	7	0.04746	0.10719	0.08171	0.08447	0.07621	0.07558	0.07343	0.1021	0.12074	0.14003	0.14533
SF	7	0.10149	0.15899	0.11816	0.13074	0.11717	0.11753	0.12026	0.15524	0.19878	0.24082	0.24335
SF	7	0.08343	0.17916	0.13258	0.14789	0.1362	0.12306	0.11571	0.14725	0.17392	0.19653	0.20548
SF	7	0.09738	0.17992	0.13141	0.12954	0.11235	0.11316	0.11476	0.163	0.22295	0.28071	0.26746
SF	7	0.06513	0.15031	0.11177	0.1309	0.12345	0.11108	0.10745	0.13448	0.15979	0.17917	0.19843
SF	7	0.09765	0.19716	0.14196	0.15164	0.13394	0.13046	0.12767	0.18511	0.21506	0.25627	0.2607
SF	7	0.09975	0.18019	0.13193	0.15175	0.13395	0.12166	0.12189	0.16178	0.20311	0.24445	0.25156
SF	7	0.09438	0.18884	0.13658	0.14341	0.12697	0.12246	0.11982	0.16625	0.19246	0.22739	0.23215
SF	7	0.09377	0.15842	0.11909	0.11223	0.09913	0.10274	0.10352	0.13899	0.18425	0.22833	0.21725
SF	7	0.0844	0.15126	0.11276	0.13126	0.11715	0.10824	0.10931	0.14086	0.18573	0.22612	0.22045
SF	7	0.10978	0.15689	0.11779	0.14198	0.126	0.10815	0.11275	0.12916	0.18714	0.22447	0.22082
SF	7	0.09486	0.17464	0.12855	0.15634	0.13834	0.11995	0.11693	0.15281	0.1965	0.23344	0.23097
SF	7	0.07675	0.16803	0.12571	0.11912	0.10836	0.1112	0.10599	0.14384	0.17349	0.20887	0.20663
SF	7	0.08052	0.15672	0.11718	0.13804	0.12549	0.11315	0.11113	0.13775	0.17514	0.20142	0.20607
SF	7	0.06585	0.15235	0.11189	0.13541	0.12377	0.11038	0.10699	0.13657	0.15792	0.17533	0.19298
SF	7	0.09458	0.18013	0.13272	0.13923	0.12608	0.12176	0.12025	0.15858	0.19934	0.2383	0.24439
SF	7	0.09869	0.18502	0.13754	0.13817	0.12359	0.12024	0.11718	0.15912	0.20949	0.25757	0.24054
SF	7	0.07573	0.15628	0.11529	0.11865	0.10395	0.09824	0.0969	0.13498	0.16976	0.19919	0.20207
SF	7	0.07652	0.17751	0.12974	0.15026	0.139	0.12431	0.11978	0.15594	0.18303	0.20991	0.23399
SF	7	0.05474	0.1464	0.10946	0.10676	0.09908	0.09819	0.09225	0.12646	0.14543	0.16746	0.17348
SF	7	0.1079	0.17753	0.13169	0.11832	0.10262	0.11243	0.1135	0.15861	0.20649	0.25054	0.24428
SF	7	0.10427	0.171	0.12523	0.14294	0.12555	0.11584	0.11593	0.1537	0.19079	0.22927	0.23032
SF	7	0.09842	0.17743	0.12821	0.16315	0.14186	0.12607	0.12477	0.16883	0.20897	0.25182	0.25685
SF	7	0.09638	0.16593	0.12392	0.15855	0.1456	0.12608	0.12462	0.14668	0.1957	0.23354	0.24176
SF	7	0.10878	0.17708	0.13299	0.1534	0.13721	0.12413	0.1218	0.14845	0.20394	0.24397	0.2343
SF	7	0.05266	0.11733	0.08912	0.10152	0.09347	0.08713	0.08485	0.1096	0.13493	0.15665	0.15994
SF	7	0.1154	0.1422	0.10701	0.12686	0.11312	0.10442	0.11033	0.12891	0.18253	0.2219	0.22478
SF	7	0.10126	0.18217	0.13418	0.14745	0.13184	0.12542	0.12494	0.16687	0.20911	0.25208	0.25205
SF	7	0.19547	0.15866	0.12269	0.0959	0.08263	0.11358	0.13184	0.14619	0.2765	0.35006	0.30589
BF	9	0.08893	0.15988	0.11796	0.1745	0.1621	0.12723	0.12513	0.14239	0.16838	0.18426	0.2094
BF	9	0.07297	0.19066	0.14091	0.15427	0.15001	0.12764	0.11871	0.15556	0.18494	0.21104	0.21114
BF	9	0.0602	0.18151	0.13125	0.11481	0.10845	0.10637	0.09868	0.13774	0.14598	0.16022	0.16816
BF	9	0.07394	0.17155	0.12611	0.12286	0.11373	0.10634	0.10171	0.13228	0.14774	0.16643	0.17654
BF	9	0.05841	0.11265	0.08466	0.11618	0.1098	0.09027	0.09199	0.10666	0.12773	0.14677	0.15252
BF	9	0.07586	0.13031	0.09817	0.14201	0.12682	0.10554	0.10592	0.12743	0.16061	0.18922	0.19254
BF	9	0.05726	0.14918	0.11089	0.1262	0.12124	0.10508	0.0992	0.12184	0.14554	0.16064	0.16687
BF	9	0.08413	0.21023	0.15473	0.18235	0.18292	0.14796	0.1381	0.16874	0.19396	0.2205	0.23233
BF	9	0.05077	0.09903	0.07622	0.10778	0.10217	0.08668	0.085	0.09847	0.10758	0.11987	0.13967
BF	9	0.09014	0.17704	0.13129	0.18297	0.16906	0.14221	0.13835	0.15599	0.18272	0.2003	0.2383
BF	9	0.09717	0.1631	0.12391	0.14158	0.13228	0.11464	0.11245	0.13476	0.17575	0.21574	0.20236
BF	9	0.08223	0.14286	0.10977	0.14363	0.14279	0.11361	0.11129	0.1203	0.14989	0.17154	0.17941
BF	9	0.05897	0.10979	0.08355	0.11377	0.10539	0.08783	0.08771	0.10372	0.12049	0.13366	0.15247
BF	9	0.06982	0.12291	0.0946	0.13667	0.13284	0.10468	0.1039	0.10923	0.13433	0.14932	0.16222
BF	9	0.08941	0.1538	0.11394	0.16081	0.15123	0.12136	0.11978	0.13959	0.1567	0.1766	0.19741
BF	9	0.08514	0.18006	0.13239	0.15175	0.14154	0.12685	0.12091	0.15803	0.181	0.21178	0.21494
BF	9	0.08249	0.15756	0.11814	0.15758	0.15699	0.12028	0.11755	0.13013	0.15868	0.17719	0.18169
BF	9	0.09067	0.19459	0.14336	0.18084	0.18078	0.14181	0.1348	0.15671	0.17838	0.19598	0.208
BF	9	0.0578	0.14957	0.11095	0.11003	0.10346	0.10036	0.09548	0.12975	0.13875	0.15919	0.17266
BF	9	0.06486	0.11595	0.08883	0.12577	0.11861	0.09816	0.0968	0.11122	0.13325	0.15222	0.16644
BF	9	0.08454	0.12974	0.0998	0.16795	0.16207	0.11486	0.11298	0.11941	0.1482	0.16284	0.17966
BF	9	0.05716	0.09043	0.06957	0.11071	0.1038	0.08326	0.08618	0.0938	0.11737	0.13607	0.14906
BF	9	0.06496	0.10349	0.0811	0.12495	0.12344	0.09157	0.09159	0.09094	0.11281	0.12383	0.13961
BF	9	0.07439	0.12724	0.09512	0.1305	0.1221	0.09695	0.09681	0.11083	0.12508	0.14111	0.15357
BF	9	0.08185	0.15961	0.11956	0.12579	0.11735	0.10813	0.10459	0.1364	0.16555	0.19656	0.19262
BF	9	0.06297	0.09368	0.07236	0.11802	0.11197	0.08629	0.08815	0.08885	0.11241	0.12409	0.14288
BF	9	0.05839	0.15478	0.1141	0.11079	0.10368	0.09767	0.09275	0.12707	0.13686	0.15524	0.16121
BF	9	0.0551	0.1432	0.10571	0.12124	0.11278	0.10144	0.09757	0.12948	0.14626	0.16664	0.18296
BF	9	0.05432	0.13578	0.1006	0.10622	0.09906	0.09177	0.08831	0.11818	0.13072	0.15012	0.15906
BF	9	0.07088	0.15288	0.11263	0.14946	0.13829	0.11374	0.11024	0.12898	0.14871	0.16304	0.18309
BF	9	0.05405	0.13149	0.09665	0.1121	0.10646	0.0954	0.09385	0.11607	0.13701	0.15413	0.16439
BF	9	0.04716	0.12414	0.09365	0.09194	0.08878	0.08379	0.07827	0.10419	0.11415	0.12898	0.1363
BF	9	0.06221	0.12701	0.09555	0.12886	0.1208	0.10036	0.09959	0.11908	0.12912	0.14614	0.16411
BF	9	0.09644	0.16578	0.12428	0.18647	0.1803	0.13144	0.1276	0.1389	0.16563	0.18349	0.19984
BF	9	0.07707	0.09455	0.07539	0.14079	0.13556	0.09682	0.09816	0.09075	0.11667	0.13122	0.15354
BF	9	0.09004	0.13801	0.10618	0.17537	0.1706	0.12332	0.12242	0.1223	0.1515	0.16697	0.19389
GR	9	0.08035	0.1484	0.11378	0.15548	0.14843	0.1208	0.12086	0.12784	0.1573	0.17612	0.20181
GR	9	0.0821	0.14084	0.10678	0.11713	0.10417	0.0983	0.09723	0.12252	0.15902	0.19216	0.18875
GR	9	0.07429	0.21315	0.15889	0.14724	0.14137	0.13438	0.13183	0.16298	0.18591	0.20085	0.2151
GR	9	0.05007	0.19304	0.14013	0.10191	0.09371	0.10886	0.09686	0.14797	0.15306	0.1653	0.17013
GR	9	0.07556	0.18287	0.13408	0.13376	0.12166	0.11739	0.11204	0.1513	0.17543	0.20618	0.22063
GR	9	0.07238	0.18545	0.13587	0.10945	0.09686	0.1091	0.1016	0.15444	0.17385	0.20679	0.2084
GR	9	0.06239	0.21056	0.15741	0.14816	0.1443	0.13945	0.13233	0.1704	0.17978	0.19253	0.22556
GR	9	0.07129	0.18354	0.13985	0.14064	0.14028	0.12805	0.12581	0.14796	0.16653	0.18438	0.20906
GR	9	0.05471	0.15005	0.11348	0.12016	0.11562	0.10697	0.10275	0.12461	0.14156	0.15703	0.1833
GR	9	0.05603	0.18446	0.13894	0.12741	0.12848	0.12378	0.12167	0.14743	0.15916	0.16984	0.20114
GR	9	0.07408	0.18855	0.14102	0.15476	0.14639	0.13157	0.1253	0.14939	0.16941	0.18401	0.21506
GR	9	0.05432	0.12043	0.09298	0.10382	0.09928	0.08877	0.08647	0.10053	0.12036	0.13306	0.15296
GR	9	0.07242	0.18939	0.14152	0.13597	0.12475	0.12397	0.11748	0.15385	0.18286	0.21251	0.21858
GR	9	0.07846	0.21811	0.16378	0.17078	0.16311	0.14935	0.14818	0.17944	0.19935	0.21969	0.24276
GR	9	0.08134	0.19396	0.14682	0.16241	0.15115	0.13528	0.13459	0.1614	0.19218	0.21511	0.23008
GR	9	0.0628	0.14298	0.11066	0.12623	0.12741	0.11094	0.11241	0.11827	0.14148	0.15599	0.18909
GR	9	0.0507	0.08861	0.07217	0.09484	0.09196	0.07605	0.08132	0.08054	0.10704	0.12027	0.13014
GR	9	0.09058	0.15287	0.11446	0.12935	0.11322	0.10539	0.10332	0.13969	0.17353	0.21568	0.21117
GR	9	0.07407	0.12899	0.09834	0.11271	0.10569	0.09271	0.09378	0.10857	0.13772	0.16249	0.17579
GR	9	0.06877	0.21084	0.15817	0.13882	0.13414	0.13662	0.13399	0.16624	0.1952	0.21923	0.2307
GR	9	0.0531	0.14212	0.10793	0.10886	0.10519	0.09896	0.09794	0.11617	0.1405	0.15378	0.16626
GR	9	0.08349	0.19777	0.14736	0.16238	0.15116	0.13722	0.13168	0.1623	0.18464	0.20216	0.22531
GR	9	0.07759	0.18525	0.1356	0.15786	0.14612	0.13023	0.12183	0.15909	0.17337	0.18935	0.22343
GR	9	0.06931	0.17468	0.1288	0.13036	0.12073	0.11537	0.11029	0.14483	0.old	0.19469	0.21225
GR	9	0.06529	0.15458	0.11576	0.10851	0.09623	0.09822	0.09328	0.13043	0.1606	0.19272	0.19582
GR	9	0.07819	0.13267	0.10134	0.13457	0.12562	0.10561	0.10615	0.11702	0.15483	0.18188	0.19413
GR	9	0.08128	0.1803	0.13644	0.1586	0.15611	0.13565	0.13667	0.14866	0.18004	0.1985	0.23227
GR	9	0.07491	0.16339	0.12194	0.12913	0.11723	0.11061	0.10661	0.13828	0.17121	0.20241	0.20976
GR	9	0.07097	0.18971	0.14258	0.14895	0.143	0.12987	0.12913	0.15843	0.16731	0.18395	0.21114
GR	9	0.07745	0.17541	0.13268	0.15285	0.14555	0.12634	0.12379	0.14365	0.17259	0.19637	0.21796
GR	9	0.06552	0.15476	0.11692	0.12468	0.11786	0.10902	0.10717	0.13044	0.15683	0.18388	0.20117
GR	9	0.07592	0.17822	0.13333	0.1511	0.14416	0.12749	0.12183	0.1446	0.16762	0.18514	0.21717
GR	9	0.06455	0.17648	0.13332	0.13321	0.1309	0.12148	0.12097	0.14096	0.16407	0.18151	0.20079
GR	9	0.06788	0.17417	0.13087	0.13994	0.13452	0.12376	0.11771	0.14619	0.15218	0.16891	0.19631
GR	9	0.06584	0.19431	0.14481	0.13105	0.12351	0.1234	0.11593	0.15461	0.16799	0.18728	0.1993
GR	9	0.08913	0.1865	0.14058	0.16859	0.15892	0.13787	0.13352	0.15746	0.19365	0.22473	0.24546
GR	9	0.09132	0.16948	0.13136	0.17879	0.17338	0.13936	0.14004	0.14566	0.17643	0.1991	0.23009
GR	9	0.07239	0.17102	0.1301	0.14882	0.14175	0.12681	0.12436	0.14502	0.178	0.1987	0.21744
GR	9	0.07222	0.15361	0.12043	0.13946	0.14171	0.12146	0.12854	0.12891	0.15957	0.18093	0.20261
GR	9	0.07922	0.20713	0.15434	0.18349	0.16577	0.14727	0.13698	0.16886	0.18813	0.19603	0.23633
GR	9	0.06917	0.1805	0.13504	0.1393	0.13194	0.12494	0.11938	0.15032	0.17154	0.19246	0.22124
GR	9	0.04201	0.093	0.07293	0.08556	0.0836	0.07325	0.07378	0.07864	0.09283	0.1016	0.11344
SF	9	0.07337	0.17226	0.12887	0.10978	0.10118	0.10665	0.10199	0.14236	0.16899	0.19864	0.20709
SF	9	0.08329	0.18053	0.13375	0.12386	0.11609	0.11403	0.11126	0.14051	0.17982	0.21103	0.23509
SF	9	0.06071	0.11705	0.08976	0.08283	0.07537	0.07573	0.07647	0.09796	0.12679	0.15094	0.14922
SF	9	0.04137	0.09442	0.07295	0.06442	0.06046	0.05975	0.05795	0.07643	0.09179	0.1059	0.11528
SF	9	0.04946	0.158	0.11739	0.07781	0.0704	0.08631	0.07872	0.12944	0.13599	0.15789	0.1632
SF	9	0.05758	0.1642	0.12058	0.08405	0.07629	0.09129	0.08427	0.13384	0.15314	0.18456	0.18439
SF	9	0.04987	0.18411	0.1334	0.08072	0.07417	0.09628	0.08829	0.1438	0.15143	0.17235	0.1784
SF	9	0.05757	0.11239	0.08757	0.08825	0.08385	0.07737	0.07605	0.08905	0.11165	0.13241	0.14735
SF	9	0.04654	0.13969	0.10463	0.06668	0.06012	0.07484	0.06668	0.10923	0.11664	0.14079	0.14009
SF	9	0.05994	0.16207	0.12109	0.0851	0.07603	0.08834	0.08175	0.12286	0.14487	0.17619	0.16753
SF	9	0.05552	0.10323	0.07942	0.08911	0.08232	0.07189	0.06918	0.08108	0.10995	0.12889	0.13149
SF	9	0.0447	0.16601	0.12088	0.08057	0.07535	0.09143	0.08216	0.13247	0.13501	0.15394	0.17146
SF	9	0.08794	0.19503	0.14386	0.12269	0.11374	0.12103	0.11542	0.15641	0.187	0.21802	0.22705
SF	9	0.05129	0.18218	0.13142	0.08129	0.07643	0.09447	0.08369	0.13538	0.1345	0.15083	0.16835
SF	9	0.06873	0.15508	0.11607	0.13099	0.11682	0.10767	0.10349	0.13358	0.16288	0.18947	0.19742
SF	9	0.08681	0.18103	0.1342	0.15102	0.13108	0.12191	0.11669	0.15804	0.19642	0.23374	0.23374
SF	9	0.07927	0.15949	0.11973	0.13212	0.11705	0.10947	0.10772	0.14012	0.17873	0.2177	0.21858
SF	9	0.08607	0.17001	0.12532	0.14173	0.12457	0.1152	0.11384	0.15054	0.1879	0.22472	0.22799
SF	9	0.0731	0.18562	0.13797	0.1383	0.12787	0.12485	0.11864	0.15375	0.17526	0.20047	0.223
SF	9	0.0891	0.11979	0.09283	0.14316	0.12643	0.10107	0.10253	0.11768	0.16202	0.19621	0.20585
SF	9	0.07763	0.13003	0.10121	0.12544	0.11502	0.0982	0.09787	0.1109	0.15545	0.18026	0.19098
SF	9	0.09703	0.19637	0.14434	0.1517	0.13215	0.12828	0.12442	0.174	0.21376	0.26137	0.26524
SF	9	0.08125	0.1649	0.12232	0.13007	0.11671	0.10795	0.1064	0.13532	0.17089	0.2005	0.20389
SF	9	0.06926	0.15523	0.11605	0.12007	0.10686	0.1036	0.10094	0.12965	0.16581	0.19378	0.19661
SF	9	0.07277	0.17723	0.13058	0.12342	0.10822	0.1105	0.10483	0.15371	0.1745	0.20974	0.21475
SF	9	0.06341	0.16769	0.12455	0.11304	0.1018	0.10674	0.09836	0.14088	0.15317	0.17667	0.18952
SF	9	0.08494	0.17284	0.1271	0.12708	0.10839	0.10947	0.10612	0.15446	0.19321	0.24097	0.23355
SF	9	0.07984	0.16095	0.11987	0.14707	0.13465	0.11768	0.11635	0.14094	0.17807	0.2066	0.21861
SF	9	0.06606	0.14668	0.11103	0.12581	0.11463	0.1047	0.10132	0.12475	0.15911	0.18368	0.19326
SF	9	0.07838	0.12229	0.09438	0.12737	0.11464	0.09901	0.09934	0.12032	0.15112	0.18552	0.19509
SF	9	0.07823	0.18099	0.13385	0.12819	0.11319	0.11388	0.10937	0.15417	0.19002	0.23094	0.2306
SF	9	0.05875	0.10781	0.08289	0.10646	0.09756	0.08535	0.08552	0.10078	0.13307	0.15593	0.16248
SF	9	0.08199	0.18757	0.13826	0.17758	0.16015	0.13447	0.12532	0.15522	0.18361	0.19635	0.23446
SF	9	0.06781	0.14545	0.10994	0.12701	0.11634	0.10649	0.10353	0.13139	0.15738	0.18792	0.20235
SF	9	0.08133	0.16253	0.1225	0.14347	0.13224	0.11867	0.11769	0.13902	0.17547	0.2046	0.21926
SF	9	0.0451	0.12382	0.09418	0.08753	0.08099	0.08174	0.07763	0.10113	0.1188	0.13296	0.14093
SF	9	0.04968	0.13597	0.10208	0.094	0.08566	0.08769	0.08212	0.11676	0.13146	0.14738	0.15582
SF	9	0.10451	0.1932	0.1411	0.16314	0.14307	0.13249	0.13063	0.17398	0.22119	0.26651	0.27047
SF	9	0.09842	0.18657	0.13926	0.14975	0.13324	0.12747	0.12511	0.16507	0.20755	0.25604	0.25944
SF	9	0.07825	0.12069	0.09406	0.13776	0.12909	0.1021	0.10255	0.10788	0.14415	0.17226	0.1915
SF	9	0.07829	0.15078	0.11289	0.1426	0.12904	0.11162	0.10888	0.13614	0.16401	0.193	0.20602
SF	9	0.08217	0.17909	0.1332	0.14409	0.12842	0.12205	0.11767	0.15691	0.18953	0.2261	0.23403
SF	9	0.0752	0.13053	0.0981	0.12981	0.1172	0.1012	0.10138	0.12243	0.15796	0.19155	0.20305
SF	9	0.07901	0.14242	0.10732	0.13274	0.11782	0.10292	0.10013	0.1288	0.16439	0.19911	0.19759
SF	9	0.07171	0.08797	0.07187	0.12337	0.11689	0.08971	0.09297	0.08743	0.12819	0.15007	0.17595
SF	9	0.07298	0.16079	0.12195	0.13748	0.1279	0.11858	0.11401	0.13477	0.15808	0.17798	0.20354
SF	9	0.08733	0.13831	0.10522	0.13246	0.11612	0.10113	0.10044	0.12478	0.16811	0.2088	0.20258
SF	9	0.06352	0.15628	0.11757	0.11919	0.10966	0.10582	0.09962	0.13366	0.15493	0.18002	0.19301
SF	9	0.08241	0.15953	0.12105	0.13705	0.12396	0.11511	0.11378	0.1434	0.18109	0.22087	0.22131
SF	9	0.10332	0.19499	0.14293	0.1673	0.14543	0.13328	0.13036	0.17538	0.22457	0.27775	0.27192
SF	9	0.08915	0.16409	0.12499	0.17566	0.16312	0.13227	0.1301	0.13887	0.18295	0.20067	0.23134
SF	9	0.0653	0.1417	0.10824	0.12577	0.11652	0.10634	0.10183	0.11485	0.14021	0.15705	0.17323
SF	9	0.08038	0.17229	0.12764	0.13653	0.1202	0.11269	0.10678	0.14752	0.17852	0.21223	0.21747
SF	9	0.05386	0.15163	0.11137	0.08364	0.07194	0.08147	0.07292	0.11276	0.12744	0.14498	0.14371
SF	9	0.10464	0.18072	0.1353	0.16442	0.14543	0.13035	0.13009	0.16512	0.21362	0.26112	0.2687
SF	9	0.03122	0.08585	0.06691	0.06428	0.06009	0.06168	0.05858	0.07907	0.09005	0.10279	0.1105
SF	9	0.10675	0.19343	0.14482	0.18441	0.16726	0.14646	0.14345	0.16948	0.21598	0.25118	0.2723
SF	9	0.07953	0.18242	0.13825	0.15321	0.14577	0.13239	0.12775	0.15157	0.17329	0.18466	0.21302
SF	9	0.08025	0.15833	0.12013	0.14259	0.13119	0.11736	0.11494	0.13489	0.17091	0.20337	0.21426
SF	9	0.07043	0.15645	0.11659	0.127	0.1145	0.10619	0.10275	0.13369	0.16351	0.1934	0.20235
SF	9	0.05886	0.14964	0.11152	0.11427	0.10405	0.09985	0.09513	0.12779	0.14769	0.17226	0.18515
SF	9	0.08815	0.1789	0.13314	0.14967	0.13403	0.12511	0.12079	0.15479	0.19315	0.2303	0.23905
BF	old	0.08043	0.09689	0.07661	0.15417	0.14605	0.09511	0.09566	0.08893	0.11638	0.1231	0.15538
BF	old	0.07932	0.15596	0.11884	0.14359	0.13482	0.11503	0.11423	0.12629	0.16946	0.19483	0.19982
BF	old	0.07484	0.08668	0.06882	0.12807	0.12205	0.08415	0.0865	0.07875	0.11442	0.12839	0.14594
BF	old	0.08593	0.09578	0.07615	0.1564	0.1494	0.09805	0.10265	0.08819	0.12825	0.14011	0.16519
BF	old	0.09251	0.13479	0.10253	0.18611	0.18987	0.12635	0.123	0.1125	0.14338	0.14984	0.19582
BF	old	0.08841	0.10606	0.08393	0.15488	0.14969	0.10151	0.1048	0.09237	0.13507	0.14998	0.1774
BF	old	0.06127	0.10934	0.08551	0.11457	0.11059	0.08767	0.08762	0.09157	0.12253	0.14111	0.15112
BF	old	0.06143	0.07275	0.05875	0.11924	0.11482	0.07942	0.08474	0.07413	0.10776	0.11875	0.14198
BF	old	0.07261	0.10773	0.08401	0.1315	0.12553	0.09437	0.09485	0.09498	0.12817	0.1405	0.16116
BF	old	0.09334	0.1873	0.13997	0.15559	0.13879	0.13222	0.12997	0.16055	0.20543	0.244	0.24351
BF	old	0.07705	0.12242	0.09625	0.14664	0.13887	0.10517	0.10628	0.10775	0.14668	0.16762	0.18315
BF	old	0.08166	0.12978	0.09893	0.17082	0.16089	0.11376	0.11162	0.11266	0.13443	0.14246	0.18235
BF	old	0.0883	0.13031	0.09909	0.18001	0.17331	0.12135	0.11973	0.11425	0.14538	0.15221	0.19118
BF	old	0.08986	0.12072	0.09409	0.15287	0.14534	0.10426	0.10776	0.10076	0.1452	0.16399	0.17464
BF	old	0.08988	0.12784	0.09838	0.19769	0.18901	0.12589	0.12304	0.11947	0.14143	0.14608	0.20202
BF	old	0.09967	0.14858	0.11335	0.1933	0.18697	0.13085	0.12951	0.12425	0.15911	0.17104	0.20888
BF	old	0.08375	0.08977	0.07116	0.16761	0.16002	0.10193	0.10307	0.08856	0.11775	0.12298	0.16535
BF	old	0.09159	0.13854	0.10622	0.16974	0.16198	0.11843	0.11862	0.11729	0.15866	0.17771	0.19195
BF	old	0.09087	0.1121	0.0877	0.17347	0.16643	0.11296	0.11335	0.1033	0.13814	0.14964	0.18154
BF	old	0.06654	0.12863	0.09888	0.13162	0.12799	0.10237	0.10097	0.1097	0.1398	0.15963	0.16648
BF	old	0.08965	0.12599	0.09848	0.15174	0.14843	0.11095	0.11573	0.11489	0.15991	0.17964	0.19663
BF	old	0.08112	0.10903	0.08486	0.15239	0.14794	0.10254	0.10189	0.09706	0.1269	0.13769	0.1645
BF	old	0.09602	0.13017	0.09953	0.19275	0.19782	0.12844	0.12567	0.1061	0.13449	0.13579	0.18996
BF	old	0.06793	0.11839	0.09149	0.10826	0.10035	0.08799	0.08844	0.09933	0.13742	0.16386	0.16641
BF	old	0.0983	0.12724	0.09864	0.18539	0.18147	0.12262	0.12424	0.11128	0.15373	0.16719	0.20527
BF	old	0.08694	0.10179	0.08002	0.1628	0.15534	0.10445	0.10471	0.09379	0.12368	0.13144	0.16384
BF	old	0.07923	0.13905	0.10493	0.14349	0.13473	0.11018	0.10972	0.11735	0.15421	0.17603	0.1866
BF	old	0.07273	0.19435	0.14532	0.15284	0.14902	0.13291	0.12406	0.1544	0.17444	0.18815	0.20353
BF	old	0.0817	0.16054	0.12029	0.13387	0.12504	0.11213	0.1091	0.13603	0.16983	0.20391	0.20989
BF	old	0.08736	0.16778	0.12698	0.16375	0.15522	0.12842	0.12444	0.13954	0.18236	0.20482	0.2178
BF	old	0.07808	0.09118	0.07215	0.14264	0.13812	0.09415	0.0956	0.08313	0.11629	0.12768	0.15326
BF	old	0.08105	0.09355	0.07451	0.15051	0.145	0.09547	0.09738	0.08796	0.12816	0.14469	0.16307
BF	old	0.11256	0.14488	0.10749	0.20505	0.18252	0.13893	0.14047	0.14453	0.18193	0.19695	0.22275
BF	old	0.08978	0.1582	0.11755	0.1769	0.16807	0.13624	0.13299	0.14925	0.17905	0.19559	0.22208
BF	old	0.09904	0.14388	0.10662	0.20865	0.1903	0.13908	0.13739	0.13846	0.15674	0.16139	0.20818
BF	old	0.06554	0.11571	0.08692	0.1487	0.13966	0.10996	0.10841	0.11662	0.12761	0.13138	0.1671
BF	old	0.0772	0.20579	0.14861	0.17244	0.16028	0.15042	0.13598	0.18365	0.18576	0.18605	0.22167
BF	old	0.08567	0.1365	0.1024	0.18154	0.17067	0.12833	0.12454	0.12761	0.14993	0.14909	0.19872
BF	old	0.06065	0.10225	0.07764	0.12966	0.12417	0.09848	0.09561	0.10406	0.12124	0.1293	0.15371
BF	old	0.08958	0.16666	0.12302	0.19117	0.1784	0.14223	0.13582	0.14745	0.16714	0.16669	0.21105
BF	old	0.077	0.10454	0.0802	0.15251	0.14233	0.11169	0.11049	0.11289	0.13331	0.13493	0.16913
GR	old	0.05893	0.12464	0.0941	0.12678	0.11803	0.09953	0.09623	0.11934	0.14898	0.17519	0.18193
GR	old	0.09034	0.15006	0.1137	0.15268	0.13907	0.11847	0.11778	0.13924	0.18432	0.22174	0.22847
GR	old	0.06951	0.13015	0.09748	0.14312	0.13485	0.10946	0.10827	0.12858	0.16471	0.19727	0.20186
GR	old	0.06521	0.11658	0.08713	0.13093	0.12603	0.09785	0.09672	0.10187	0.12667	0.13827	0.16811
GR	old	0.05586	0.12183	0.09205	0.11796	0.11236	0.09504	0.09088	0.10769	0.12479	0.13859	0.15772
GR	old	0.07734	0.14956	0.11245	0.16856	0.15918	0.12761	0.12899	0.14353	0.17907	0.1993	0.22713
GR	old	0.06585	0.13787	0.10562	0.15313	0.14727	0.1186	0.11755	0.12378	0.14869	0.15981	0.19249
GR	old	0.06012	0.12466	0.09358	0.14247	0.13333	0.11055	0.1094	0.12825	0.15935	0.1837	0.20555
GR	old	0.08627	0.11511	0.08838	0.15973	0.15247	0.10967	0.10979	0.10856	0.12845	0.13641	0.16752
GR	old	0.05269	0.1216	0.09177	0.1155	0.11174	0.09511	0.09099	0.11388	0.13907	0.16268	0.17271
GR	old	0.08532	0.17883	0.13119	0.20203	0.18839	0.14934	0.14372	0.16181	0.2022	0.21641	0.26762
GR	old	0.09567	0.14471	0.10847	0.18187	0.17113	0.12949	0.12692	0.1405	0.17202	0.2063	0.22772
GR	old	0.08494	0.12639	0.09524	0.15463	0.14517	0.11329	0.1112	0.12412	0.15349	0.17679	0.19784
GR	old	0.08414	0.13105	0.09863	0.16302	0.15106	0.11881	0.12173	0.13757	0.17232	0.20337	0.2291
GR	old	0.07414	0.15302	0.11243	0.16807	0.15163	0.12403	0.11672	0.13745	0.16066	0.17204	0.20869
GR	old	0.10048	0.15636	0.11827	0.19725	0.18888	0.14184	0.14277	0.14838	0.19466	0.22036	0.2505
GR	old	0.11761	0.19176	0.13821	0.28028	0.24762	0.17773	0.17095	0.18454	0.23658	0.2304	0.30576
GR	old	0.11243	0.19804	0.1471	0.26056	0.23876	0.17226	0.1779	0.18072	0.22354	0.22312	0.29693
GR	old	0.08463	0.1599	0.11667	0.19061	0.16746	0.13375	0.12551	0.15101	0.17571	0.18554	0.22309
GR	old	0.07526	0.18203	0.1347	0.19085	0.18493	0.14762	0.15086	0.16424	0.19245	0.19817	0.25516
GR	old	0.07059	0.10386	0.07819	0.12863	0.11972	0.09628	0.09555	0.10551	0.12891	0.14709	0.17316
GR	old	0.10121	0.15769	0.117	0.20079	0.18276	0.14513	0.14493	0.16248	0.20984	0.24302	0.2775
GR	old	0.06756	0.15194	0.11258	0.16358	0.16243	0.13204	0.12782	0.13556	0.15019	0.15156	0.20496
GR	old	0.06993	0.1192	0.09055	0.16177	0.15853	0.11737	0.11684	0.1176	0.12825	0.12299	0.18161
GR	old	0.10613	0.18649	0.13741	0.16492	0.15321	0.13849	0.13583	0.17505	0.21614	0.26165	0.26936
GR	old	0.13474	0.20061	0.14996	0.27106	0.25095	0.18825	0.19685	0.1917	0.24626	0.25211	0.32423
GR	old	0.08945	0.13932	0.10601	0.16095	0.15335	0.11903	0.12121	0.12869	0.16123	0.17915	0.20384
GR	old	0.13256	0.16535	0.12303	0.24703	0.23234	0.16041	0.16407	0.1621	0.20587	0.22562	0.28066
GR	old	0.09621	0.11042	0.08496	0.17427	0.16309	0.11584	0.11716	0.11749	0.15987	0.18163	0.20516
GR	old	0.08239	0.12945	0.09901	0.17075	0.16459	0.12642	0.12554	0.12275	0.15992	0.17553	0.21323
GR	old	0.08673	0.15731	0.11815	0.18236	0.17883	0.14204	0.14413	0.15231	0.19049	0.2147	0.25016
GR	old	0.07244	0.11227	0.08659	0.13595	0.12841	0.10065	0.09868	0.10939	0.14486	0.16958	0.17741
SF	old	0.07865	0.11909	0.09102	0.12863	0.11759	0.09642	0.10166	0.11403	0.15145	0.18156	0.20248
SF	old	0.06218	0.13296	0.1008	0.09329	0.0817	0.08433	0.08409	0.11399	0.14171	0.17067	0.17092
SF	old	0.08027	0.1732	0.12921	0.12139	0.10855	0.10858	0.10438	0.14173	0.17361	0.20821	0.20614
SF	old	0.0786	0.17742	0.12831	0.14932	0.14092	0.12736	0.1243	0.15444	0.1698	0.19187	0.22838
SF	old	0.07739	0.18444	0.13797	0.13666	0.12429	0.12033	0.11549	0.14927	0.1841	0.21782	0.22016
SF	old	0.05725	0.13499	0.10217	0.10258	0.09437	0.09091	0.08673	0.11596	0.13632	0.1589	0.16528
SF	old	0.09382	0.18333	0.13838	0.14091	0.12438	0.12362	0.12005	0.15277	0.19147	0.22926	0.22838
SF	old	0.0773	0.14113	0.10842	0.122	0.11383	0.10235	0.10157	0.12077	0.16177	0.19296	0.19201
SF	old	0.06321	0.124	0.09595	0.10258	0.09633	0.08772	0.08633	0.10096	0.12931	0.15076	0.15651
SF	old	0.07637	0.12795	0.09919	0.12108	0.11033	0.09686	0.0935	0.11275	0.14908	0.17654	0.17403
SF	old	0.09199	0.16727	0.12464	0.14212	0.12549	0.11515	0.11294	0.14713	0.18288	0.21896	0.21496
SF	old	0.06954	0.19078	0.14103	0.13922	0.13052	0.1241	0.11551	0.15086	0.17118	0.18821	0.20371
SF	old	0.08323	0.15768	0.11992	0.16459	0.15504	0.12457	0.12246	0.13219	0.17408	0.19664	0.22149
SF	old	0.07433	0.19409	0.14462	0.13265	0.12244	0.12236	0.11471	0.15379	0.19047	0.22178	0.22149
SF	old	0.04777	0.1282	0.09684	0.08265	0.07773	0.08065	0.07546	0.1031	0.11891	0.13751	0.13978
SF	old	0.07633	0.16624	0.12327	0.14061	0.12717	0.11489	0.10912	0.14411	0.16723	0.19388	0.2075
SF	old	0.08531	0.16343	0.1242	0.16303	0.15572	0.12947	0.12668	0.13654	0.17296	0.19016	0.22214
SF	old	0.06442	0.16241	0.12091	0.12406	0.11545	0.10726	0.10099	0.13025	0.1564	0.17955	0.18914
SF	old	0.06241	0.19605	0.1433	0.12857	0.1183	0.12008	0.10739	0.15286	0.15946	0.17133	0.18614
SF	old	0.05966	0.15555	0.11746	0.11335	0.11035	0.1051	0.09839	0.12497	0.14206	0.15898	0.17223
SF	old	0.07543	0.18073	0.13355	0.13675	0.12867	0.12081	0.11692	0.14577	0.17296	0.19893	0.21307
SF	old	0.05543	0.18403	0.1357	0.10671	0.09787	0.10663	0.09624	0.14356	0.15969	0.18169	0.19126
SF	old	0.06392	0.14892	0.11127	0.0978	0.08982	0.09161	0.08691	0.12034	0.14185	0.17227	0.1787
SF	old	0.0707	0.15725	0.11694	0.11672	0.10641	0.10362	0.10149	0.13504	0.16739	0.19861	0.20992
SF	old	0.06271	0.14557	0.11155	0.12852	0.11804	0.10765	0.09995	0.11978	0.14337	0.15918	0.16919
SF	old	0.07575	0.15136	0.11463	0.13182	0.1225	0.10939	0.10623	0.12626	0.16196	0.19106	0.20016
SF	old	0.07586	0.12785	0.09918	0.12975	0.12225	0.10233	0.10163	0.10919	0.14488	0.1694	0.18246
SF	old	0.06517	0.16991	0.12737	0.13008	0.12368	0.11634	0.10899	0.1387	0.16505	0.18414	0.2019
SF	old	0.05694	0.11641	0.08704	0.09409	0.08702	0.0824	0.08108	0.09979	0.12399	0.14653	0.154
SF	old	0.06791	0.19924	0.14501	0.11765	0.10903	0.11575	0.10868	0.15462	0.17693	0.20518	0.21551
SF	old	0.06479	0.21434	0.15593	0.11144	0.10075	0.11918	0.10851	0.17393	0.19135	0.22161	0.20843
SF	old	0.06981	0.22255	0.16148	0.13467	0.12449	0.13123	0.11644	0.1754	0.18389	0.20328	0.21873
SF	old	0.05752	0.15769	0.11812	0.09744	0.09083	0.09595	0.08932	0.12836	0.1404	0.1647	0.17404
SF	old	0.08097	0.12877	0.10012	0.12596	0.11665	0.09957	0.10131	0.1115	0.15848	0.19568	0.2005
SF	old	0.07112	0.16958	0.12735	0.11369	0.10537	0.10846	0.10297	0.13954	0.1665	0.20105	0.20152
SF	old	0.07775	0.19609	0.1459	0.14669	0.13938	0.12977	0.12091	0.15059	0.17832	0.19332	0.21475
SF	old	0.06243	0.11387	0.08689	0.10015	0.09011	0.08212	0.07914	0.10148	0.12954	0.15536	0.15094
BF	old	0.07943	0.14742	0.11129	0.15309	0.14544	0.11191	0.10967	0.11849	0.14571	0.1607	0.17877
BF	old	0.08563	0.13767	0.10526	0.15786	0.1481	0.11039	0.10819	0.11384	0.13743	0.14994	0.16585
BF	old	0.09409	0.15085	0.11427	0.19282	0.19901	0.13712	0.13402	0.12326	0.1438	0.14491	0.19091
BF	old	0.09132	0.10607	0.08337	0.16942	0.15852	0.10642	0.1078	0.09771	0.12638	0.13268	0.16688
BF	old	0.08432	0.12811	0.09827	0.16691	0.16497	0.11641	0.11478	0.11148	0.13276	0.13798	0.17802
BF	old	0.08648	0.12449	0.09607	0.15929	0.1555	0.10803	0.10732	0.1026	0.12795	0.13801	0.16331
BF	old	0.09242	0.1823	0.13565	0.18117	0.17543	0.13334	0.12762	0.14084	0.17021	0.18723	0.20387
BF	old	0.08803	0.16321	0.1212	0.19125	0.19624	0.13622	0.12708	0.12968	0.14521	0.14559	0.19208
BF	old	0.06922	0.12491	0.09451	0.15106	0.15307	0.1073	0.10195	0.10131	0.11272	0.11318	0.1576
BF	old	0.08924	0.1102	0.08532	0.17001	0.16684	0.10854	0.10871	0.09234	0.11563	0.1148	0.15475
BF	old	0.0902	0.12923	0.0988	0.18063	0.18366	0.12368	0.11925	0.1127	0.13513	0.13892	0.18573
BF	old	0.07023	0.1444	0.10784	0.13365	0.12764	0.10433	0.09858	0.11576	0.13251	0.14277	0.16476
BF	old	0.0969	0.14697	0.11105	0.20427	0.20812	0.13796	0.12981	0.12447	0.14119	0.14281	0.19881
BF	old	0.06282	0.10335	0.07944	0.1439	0.14513	0.09842	0.0942	0.09192	0.10372	0.1022	0.14431
BF	old	0.07853	0.15425	0.11596	0.16505	0.16046	0.12291	0.11801	0.12989	0.15531	0.167	0.18717
BF	old	0.09424	0.14851	0.1116	0.20367	0.1963	0.135	0.12857	0.13031	0.14179	0.1413	0.20388
BF	old	0.09593	0.12947	0.09766	0.20384	0.20317	0.13555	0.13027	0.11688	0.12339	0.11145	0.18561
BF	old	0.07159	0.13559	0.10306	0.15474	0.15865	0.11835	0.11418	0.11398	0.12977	0.13406	0.16566
BF	old	0.07169	0.08301	0.06565	0.14263	0.13582	0.08868	0.08943	0.07826	0.10454	0.10734	0.1457
BF	old	0.08129	0.12942	0.09638	0.15572	0.15868	0.11078	0.10658	0.09985	0.11611	0.11251	0.15079
BF	old	0.06861	0.07104	0.0583	0.13855	0.13403	0.08587	0.08755	0.07484	0.09646	0.1003	0.14195
BF	old	0.08004	0.11332	0.08712	0.16063	0.15429	0.10771	0.10655	0.10149	0.12667	0.13155	0.16225
BF	old	0.08436	0.17828	0.13217	0.17584	0.17207	0.13436	0.12621	0.14437	0.16918	0.17976	0.21593
BF	old	0.07687	0.13974	0.10488	0.1695	0.16407	0.11839	0.11269	0.12162	0.14075	0.14588	0.18046
BF	old	0.07362	0.10874	0.08441	0.15338	0.1578	0.10599	0.1	0.09395	0.10756	0.11069	0.15175
BF	old	0.0823	0.16119	0.12091	0.17586	0.18631	0.13471	0.12196	0.13162	0.13971	0.14648	0.18898
BF	old	0.09173	0.18424	0.13542	0.18276	0.17928	0.13498	0.12472	0.1484	0.16933	0.18941	0.21301
BF	old	0.07969	0.10814	0.0843	0.14792	0.14462	0.09873	0.09647	0.09103	0.10944	0.11753	0.14998
BF	old	0.10374	0.17319	0.12785	0.20432	0.19712	0.14179	0.13466	0.14195	0.16615	0.17613	0.21577
BF	old	0.09456	0.1911	0.14064	0.20517	0.1943	0.14879	0.14031	0.15848	0.18402	0.18956	0.22881
BF	old	0.09276	0.13582	0.10344	0.1809	0.1774	0.12225	0.11834	0.11363	0.13708	0.1442	0.17713
BF	old	0.08606	0.13569	0.10337	0.17851	0.17533	0.12273	0.11912	0.11586	0.13935	0.14855	0.18292
BF	old	0.06568	0.09647	0.07512	0.14347	0.14237	0.09747	0.09557	0.08825	0.0977	0.09203	0.13707
BF	old	0.09029	0.18245	0.13694	0.16404	0.15604	0.1288	0.12381	0.14466	0.18746	0.21416	0.22213
BF	old	0.08495	0.13883	0.10548	0.16569	0.1654	0.1175	0.11308	0.11312	0.13736	0.14698	0.17451
BF	old	0.08986	0.17378	0.13058	0.16616	0.16152	0.12781	0.1221	0.13988	0.17869	0.20435	0.21097
BF	old	0.08194	0.10017	0.07763	0.16723	0.16577	0.10986	0.10731	0.09271	0.11476	0.11565	0.16566
BF	old	0.10239	0.16664	0.12574	0.20316	0.19698	0.14051	0.13599	0.13848	0.18956	0.20343	0.23651
GR	old	0.05365	0.10567	0.08291	0.09411	0.08681	0.0817	0.07998	0.1026	0.12937	0.15101	0.1555
GR	old	0.09198	0.1605	0.12169	0.1765	0.16786	0.13394	0.12978	0.13543	0.16811	0.17872	0.20658
GR	old	0.03972	0.0864	0.06678	0.104	0.1002	0.08528	0.0849	0.09437	0.10586	0.11477	0.136
GR	old	0.05427	0.08655	0.06802	0.11463	0.1082	0.08422	0.08671	0.09269	0.12129	0.14217	0.15942
GR	old	0.07966	0.17102	0.12611	0.16064	0.15358	0.13116	0.12684	0.1477	0.16989	0.18553	0.21533
GR	old	0.09069	0.17344	0.1311	0.19052	0.18472	0.14805	0.14877	0.15234	0.18024	0.1849	0.23467
GR	old	0.06915	0.13205	0.10353	0.12884	0.126	0.11147	0.1106	0.11894	0.1517	0.16954	0.18872
GR	old	0.06963	0.09486	0.07504	0.13134	0.1234	0.09539	0.09722	0.09659	0.13008	0.15019	0.16041
GR	old	0.1148	0.19671	0.14537	0.22128	0.20645	0.167	0.16191	0.1807	0.20365	0.22013	0.26347
GR	old	0.0753	0.18715	0.13852	0.15903	0.15185	0.13681	0.12844	0.15505	0.17422	0.18594	0.21876
GR	old	0.0974	0.17674	0.12836	0.20339	0.18089	0.14641	0.13943	0.15883	0.18258	0.18771	0.23627
GR	old	0.07111	0.16354	0.12226	0.14137	0.13646	0.12317	0.1214	0.14333	0.16884	0.18962	0.2105
GR	old	0.09498	0.12717	0.09701	0.15065	0.13891	0.11031	0.11106	0.1199	0.15861	0.18597	0.19844
GR	old	0.09997	0.1901	0.14316	0.20439	0.19853	0.16106	0.15931	0.16329	0.19938	0.21229	0.26223
GR	old	0.09247	0.19548	0.1479	0.17732	0.17055	0.15097	0.15152	0.17563	0.21091	0.24782	0.25755
GR	old	0.07154	0.11301	0.09102	0.12993	0.12917	0.10119	0.11674	0.1046	0.13481	0.14785	0.16249
GR	old	0.08214	0.18447	0.13811	0.16143	0.15621	0.1412	0.13365	0.15956	0.1727	0.17939	0.21189
GR	old	0.10692	0.19072	0.14369	0.18775	0.18038	0.15009	0.14589	0.1593	0.19868	0.22696	0.25855
GR	old	0.06389	0.10268	0.07992	0.10324	0.09741	0.08554	0.08977	0.10043	0.13046	0.15429	0.16697
GR	old	0.11465	0.18629	0.1362	0.20198	0.17928	0.14773	0.14537	0.17962	0.23237	0.27487	0.29466
GR	old	0.09216	0.17216	0.12866	0.15719	0.14875	0.12329	0.1199	0.13117	0.17059	0.1922	0.2155
GR	old	0.10887	0.18841	0.13916	0.20642	0.19695	0.16005	0.15512	0.16653	0.1884	0.20011	0.25108
GR	old	0.09947	0.14957	0.11396	0.15658	0.14709	0.11953	0.11853	0.12388	0.15649	0.18038	0.20343
GR	old	0.06226	0.15205	0.11426	0.12423	0.11845	0.1131	0.10534	0.13328	0.13656	0.14376	0.16991
GR	old	0.07272	0.14424	0.10784	0.15352	0.1476	0.12433	0.12081	0.13224	0.1488	0.16	0.18684
GR	old	0.07305	0.15377	0.11526	0.14705	0.13633	0.11819	0.11482	0.13737	0.15334	0.16497	0.20059
GR	old	0.0754	0.17575	0.13503	0.15547	0.15362	0.13751	0.13531	0.14451	0.17579	0.19462	0.21713
GR	old	0.10235	0.1476	0.11326	0.17261	0.16221	0.13039	0.13152	0.13963	0.18385	0.22022	0.23053
GR	old	0.06021	0.08977	0.07349	0.11777	0.10408	0.08693	0.09321	0.09498	0.12697	0.14357	0.15935
SF	old	0.03955	0.12422	0.08955	0.07372	0.06865	0.07307	0.06779	0.09608	0.10002	0.11281	0.11843
SF	old	0.0873	0.13587	0.10495	0.12502	0.1123	0.1016	0.10249	0.12151	0.16433	0.20188	0.19174
SF	old	0.0873	0.13587	0.10495	0.12502	0.1123	0.1016	0.10249	0.12151	0.16433	0.20188	0.19174
SF	old	0.05457	0.14052	0.10415	0.07719	0.07121	0.07952	0.07214	0.10397	0.1137	0.12682	0.12524
SF	old	0.06066	0.09558	0.07568	0.09638	0.08955	0.07887	0.07937	0.08331	0.12287	0.14496	0.13805
SF	old	0.05224	0.09017	0.07147	0.09216	0.08561	0.07631	0.07483	0.08535	0.1076	0.12174	0.1269
SF	old	0.07298	0.13765	0.10516	0.13092	0.11814	0.10513	0.10246	0.11555	0.1511	0.17824	0.1783
SF	old	0.07661	0.08056	0.06496	0.14442	0.13567	0.09778	0.10224	0.08694	0.13051	0.14315	0.17776
SF	old	0.07838	0.13609	0.10383	0.13597	0.12589	0.10905	0.1088	0.1155	0.15579	0.18184	0.17969
SF	old	0.0552	0.07056	0.05548	0.09363	0.08394	0.06914	0.07321	0.0753	0.10721	0.12671	0.13186
SF	old	0.03881	0.06176	0.04955	0.08039	0.07519	0.06129	0.06225	0.06858	0.09562	0.11043	0.12059
SF	old	0.07384	0.16313	0.12229	0.1333	0.12318	0.11875	0.1136	0.13931	0.16962	0.19473	0.20716
SF	old	0.06315	0.1476	0.1103	0.12011	0.11289	0.10418	0.09977	0.11806	0.1375	0.15348	0.17314
SF	old	0.07429	0.12017	0.09247	0.09877	0.08741	0.08004	0.07986	0.0928	0.12494	0.14858	0.14006
SF	old	0.04456	0.06934	0.05481	0.08411	0.07915	0.06573	0.06622	0.07189	0.09372	0.11069	0.11959
SF	old	0.10654	0.2001	0.14588	0.14799	0.13226	0.1296	0.12449	0.17273	0.19787	0.23701	0.23264
SF	old	0.06034	0.15226	0.11497	0.10099	0.09324	0.09669	0.09196	0.12249	0.14687	0.17177	0.17433
SF	old	0.05919	0.16856	0.12374	0.10905	0.09881	0.10442	0.09367	0.13617	0.1341	0.14644	0.1608
SF	old	0.09656	0.19775	0.14625	0.14297	0.13323	0.12336	0.11835	0.14738	0.17946	0.21264	0.21106
SF	old	0.10485	0.20256	0.15096	0.17278	0.15378	0.14403	0.13632	0.17438	0.21035	0.23731	0.23453
SF	old	0.06996	0.08945	0.07227	0.08907	0.08299	0.07198	0.07421	0.0786	0.10928	0.12874	0.13475
SF	old	0.08214	0.15558	0.11841	0.12733	0.1184	0.11012	0.10958	0.12886	0.16637	0.19946	0.2034
SF	old	0.05283	0.14286	0.10716	0.08273	0.07567	0.08322	0.07824	0.10905	0.12097	0.14197	0.1356
SF	old	0.07207	0.16742	0.12483	0.12026	0.1105	0.10792	0.10145	0.12674	0.14655	0.16767	0.17148
SF	old	0.0792	0.17348	0.12823	0.11092	0.09715	0.1044	0.10105	0.14246	0.18146	0.21853	0.20492
SF	old	0.09695	0.12978	0.10059	0.12538	0.10782	0.09739	0.098	0.11753	0.16746	0.20897	0.18427
SF	old	0.05017	0.09326	0.07107	0.07802	0.07051	0.06749	0.06628	0.08467	0.10543	0.12533	0.12706
SF	old	0.07584	0.17184	0.12767	0.13229	0.12496	0.11606	0.11204	0.13236	0.15594	0.17428	0.18925
SF	old	0.05122	0.17579	0.1298	0.10299	0.09307	0.10389	0.09368	0.1395	0.14108	0.1555	0.15855
BF	old	0.05803	0.15236	0.11191	0.11057	0.10392	0.09771	0.09178	0.11657	0.12126	0.12548	0.13929
BF	old	0.06142	0.08074	0.06302	0.12455	0.11887	0.08396	0.0846	0.0789	0.09467	0.09826	0.13047
BF	old	0.08546	0.16464	0.1214	0.16789	0.1578	0.1246	0.12191	0.13756	0.1561	0.16957	0.20511
BF	old	0.09896	0.17623	0.1317	0.18562	0.17411	0.1418	0.14132	0.15108	0.17774	0.19318	0.23396
BF	old	0.0938	0.17427	0.12769	0.19027	0.1799	0.13759	0.1348	0.14821	0.16003	0.16699	0.22157
BF	old	0.09192	0.14099	0.10739	0.16665	0.15579	0.1176	0.11684	0.11991	0.13546	0.14751	0.1857
BF	old	0.09729	0.12573	0.09649	0.18068	0.17061	0.11621	0.11403	0.10799	0.11921	0.12153	0.17578
BF	old	0.1041	0.15747	0.11831	0.19122	0.18389	0.13804	0.13858	0.13994	0.16323	0.18269	0.2362
BF	old	0.07629	0.1381	0.1035	0.14184	0.13634	0.11143	0.10888	0.12389	0.13629	0.14488	0.1747
BF	old	0.10875	0.13715	0.10281	0.20641	0.19446	0.13461	0.13563	0.12091	0.14513	0.14553	0.21365
BF	old	0.06015	0.09583	0.07353	0.10722	0.10042	0.07971	0.07971	0.08675	0.09965	0.10568	0.12772
BF	old	0.05708	0.09754	0.07301	0.10789	0.1033	0.08005	0.0797	0.085	0.09691	0.10292	0.13291
BF	old	0.05293	0.10317	0.07868	0.10606	0.10201	0.08559	0.08605	0.09027	0.10779	0.11012	0.13881
BF	old	0.07556	0.11183	0.08674	0.13734	0.13702	0.10188	0.10368	0.09487	0.11196	0.11266	0.14417
BF	old	0.0496	0.10569	0.07953	0.10908	0.10276	0.08938	0.08749	0.09536	0.10701	0.1087	0.13129
BF	old	0.07629	0.13048	0.0985	0.17142	0.16312	0.11912	0.11695	0.12019	0.13689	0.13801	0.18773
BF	old	0.07745	0.10492	0.08313	0.13497	0.12716	0.09974	0.10038	0.09311	0.11946	0.12662	0.15831
BF	old	0.0902	0.11151	0.08607	0.17261	0.16507	0.11273	0.11395	0.10196	0.12434	0.12359	0.1818
GR	old	0.04606	0.0862	0.06749	0.10404	0.10098	0.08275	0.0821	0.08947	0.10272	0.11185	0.13013
GR	old	0.03905	0.13309	0.09912	0.09048	0.08712	0.08624	0.08135	0.10977	0.10315	0.10557	0.12247
GR	old	0.09002	0.16568	0.12514	0.16699	0.15929	0.12681	0.12378	0.146	0.16687	0.18769	0.19566
GR	old	0.07955	0.13253	0.09896	0.13096	0.11844	0.10182	0.09976	0.12989	0.15448	0.18571	0.19041
GR	old	0.07926	0.19339	0.14251	0.15878	0.15217	0.13524	0.13003	0.15464	0.1781	0.19539	0.21895
GR	old	0.07503	0.1882	0.13735	0.13848	0.13053	0.12057	0.11206	0.14507	0.15572	0.16977	0.19313
GR	old	0.05919	0.13709	0.10485	0.12384	0.12109	0.11057	0.10613	0.12321	0.13191	0.14298	0.16619
GR	old	0.10111	0.22576	0.16758	0.18291	0.17657	0.15674	0.15834	0.1878	0.20038	0.211	0.23708
GR	old	0.06001	0.13974	0.10682	0.1034	0.09583	0.09706	0.09414	0.12552	0.14335	0.1643	0.16673
GR	old	0.07367	0.22416	0.16327	0.1591	0.15692	0.15042	0.14127	0.18082	0.17793	0.18389	0.21448
GR	old	0.07973	0.17543	0.12903	0.14873	0.13796	0.12482	0.12052	0.15299	0.17857	0.20314	0.22399
GR	old	0.03302	0.13123	0.09645	0.09089	0.08986	0.08841	0.08387	0.10828	0.1058	0.10651	0.12205
GR	old	0.07	0.19329	0.14208	0.15046	0.14506	0.13696	0.12966	0.15762	0.16242	0.16556	0.19923
GR	old	0.07978	0.15197	0.11375	0.14508	0.13617	0.11018	0.1065	0.12413	0.14534	0.16553	0.16904
GR	old	0.0817	0.20415	0.14918	0.17835	0.17445	0.15407	0.14974	0.17699	0.18481	0.19314	0.24313
GR	old	0.05909	0.10576	0.07817	0.08274	0.07444	0.06859	0.06642	0.09077	0.10919	0.12905	0.13219
GR	old	0.0953	0.22521	0.16461	0.14165	0.12883	0.13584	0.12708	0.18946	0.21049	0.24654	0.24422
GR	old	0.09546	0.20737	0.154	0.21678	0.19582	0.1602	0.15245	0.17738	0.19733	0.19891	0.25339
GR	old	0.1009	0.20532	0.15282	0.23206	0.20768	0.16532	0.15798	0.17933	0.2073	0.20933	0.26706
GR	old	0.08108	0.20979	0.15341	0.16242	0.15027	0.1406	0.12654	0.16946	0.1726	0.17929	0.205
GR	old	0.08433	0.19857	0.14438	0.17567	0.16538	0.14224	0.13556	0.1684	0.19234	0.21542	0.24214
GR	old	0.05102	0.1229	0.09369	0.08959	0.08558	0.08311	0.07715	0.10081	0.10429	0.11229	0.11753
GR	old	0.09962	0.1858	0.14225	0.19528	0.19544	0.15322	0.16576	0.16354	0.19178	0.21255	0.24972
GR	old	0.03987	0.13173	0.09869	0.09136	0.09021	0.0881	0.08331	0.10512	0.11119	0.11839	0.13636
GR	old	0.08389	0.19273	0.14174	0.17119	0.16639	0.14365	0.1387	0.1575	0.17562	0.18562	0.2232
GR	old	0.07743	0.14305	0.10728	0.12686	0.12002	0.09934	0.09685	0.10718	0.13256	0.1487	0.16145
GR	old	0.09877	0.18284	0.13787	0.15374	0.13936	0.12737	0.12406	0.15371	0.20997	0.25185	0.24614
GR	old	0.05896	0.15202	0.11273	0.12916	0.12395	0.10924	0.10973	0.13334	0.14734	0.16142	0.17694
GR	old	0.09091	0.17585	0.12952	0.17998	0.17299	0.14065	0.14078	0.15475	0.1793	0.1973	0.2252
GR	old	0.07245	0.17096	0.12491	0.13863	0.12719	0.12117	0.11446	0.16157	0.1688	0.19198	0.20798
GR	old	0.10951	0.12834	0.09757	0.14072	0.12904	0.10629	0.10959	0.11972	0.16293	0.19723	0.19705
GR	old	0.08104	0.08908	0.07118	0.14305	0.13226	0.0971	0.10261	0.10057	0.14822	0.17307	0.19383
GR	old	0.10468	0.18269	0.1347	0.2097	0.19733	0.16079	0.16032	0.17917	0.21	0.23692	0.2758
GR	old	0.05782	0.09188	0.07215	0.13437	0.12715	0.10105	0.10248	0.1021	0.11959	0.12817	0.16713
GR	old	0.06148	0.10344	0.07933	0.13825	0.13271	0.1003	0.09998	0.10493	0.12279	0.13142	0.16116
GR	old	0.04722	0.12434	0.09227	0.11164	0.11067	0.10051	0.09939	0.12035	0.11731	0.11895	0.14555
GR	old	0.10003	0.17491	0.12871	0.16975	0.15598	0.13261	0.13122	0.16222	0.19192	0.22742	0.24769
GR	old	0.11242	0.21221	0.15948	0.21307	0.20359	0.16316	0.17034	0.18569	0.20996	0.22265	0.26326
GR	old	0.08676	0.11965	0.0907	0.13585	0.12231	0.09951	0.10139	0.12205	0.15542	0.18693	0.18377
BF	old	0.12628	0.17477	0.13048	0.25412	0.24642	0.17876	0.17806	0.16696	0.19554	0.19101	0.27473
BF	old	0.10254	0.12351	0.09541	0.2177	0.21137	0.14612	0.14824	0.12807	0.14954	0.14091	0.22393
BF	old	0.21652	0.16806	0.12339	0.3169	0.30017	0.20556	0.20735	0.1624	0.21173	0.18924	0.44119
BF	old	0.07997	0.14842	0.11242	0.20037	0.20035	0.15688	0.15626	0.14343	0.16436	0.1548	0.229
BF	old	0.1139	0.15931	0.11906	0.25939	0.2505	0.17613	0.17249	0.15773	0.17326	0.15438	0.25982
BF	old	0.09272	0.14387	0.1073	0.22193	0.20745	0.14433	0.1426	0.14286	0.1588	0.15645	0.23324
BF	old	0.12704	0.15301	0.11573	0.26364	0.2578	0.17023	0.old	0.13916	0.16155	0.14408	0.25279
BF	old	0.10276	0.18797	0.13652	0.24784	0.23434	0.16464	0.15504	0.16753	0.17718	0.15704	0.25022
BF	old	0.24347	0.14137	0.09822	0.36623	0.3619	0.18288	0.1887	0.12744	0.16878	0.13887	0.45752
BF	old	0.10709	0.12944	0.09546	0.21352	0.20406	0.13289	0.1309	0.1121	0.12746	0.11146	0.20007
BF	old	0.15629	0.17246	0.12408	0.29802	0.28886	0.18172	0.1822	0.16281	0.20466	0.19416	0.38823
BF	old	0.1235	0.15287	0.11124	0.27953	0.26309	0.16757	0.16523	0.14607	0.15364	0.13542	0.27779
BF	old	0.12877	0.1761	0.13003	0.26665	0.25221	0.17678	0.18253	0.17288	0.21701	0.22915	0.31161
BF	old	0.12214	0.18625	0.1372	0.23401	0.22306	0.16706	0.16367	0.16266	0.18814	0.18663	0.26676
BF	old	0.13424	0.12206	0.09253	0.2594	0.25765	0.1555	0.16692	0.12377	0.16416	0.14065	0.30178
GR	old	0.05189	0.21143	0.15378	0.13371	0.12724	0.13277	0.11885	0.16659	0.15974	0.16093	0.18967
GR	old	0.05169	0.17713	0.13478	0.1187	0.12193	0.11815	0.11497	0.13783	0.14089	0.14896	0.17144
GR	old	0.06179	0.1292	0.09842	0.10399	0.0939	0.08948	0.08451	0.11326	0.14063	0.16904	0.16583
GR	old	0.04938	0.13706	0.10107	0.11915	0.10925	0.10447	0.09622	0.1282	0.1231	0.12472	0.15016
GR	old	0.03571	0.08753	0.06934	0.09554	0.09944	0.08422	0.08833	0.08903	0.09888	0.10136	0.13179
GR	old	0.04051	0.12408	0.09809	0.09971	0.10683	0.09873	0.09879	0.10659	0.11326	0.11941	0.14923
GR	old	0.067	0.17141	0.12879	0.12104	0.1146	0.11215	0.10363	0.1406	0.14627	0.16964	0.17633
GR	old	0.03748	0.08365	0.06967	0.07071	0.07827	0.0721	0.07941	0.08004	0.08698	0.095	0.11109
GR	old	0.05284	0.14144	0.10832	0.09987	0.10129	0.09601	0.09386	0.11123	0.10953	0.11564	0.13453
GR	old	0.05733	0.14853	0.11543	0.10761	0.1091	0.10565	0.09975	0.12014	0.12017	0.13298	0.14975
GR	old	0.06559	0.20806	0.15456	0.14067	0.13684	0.13732	0.12412	0.16439	0.15846	0.16233	0.18547
GR	old	0.07722	0.21493	0.16154	0.17401	0.17063	0.15886	0.14827	0.17871	0.18233	0.18647	0.22883
GR	old	0.08788	0.20728	0.15541	0.16923	0.16243	0.15228	0.14069	0.16999	0.18117	0.19367	0.22408
GR	old	0.05897	0.2045	0.15237	0.12206	0.11787	0.13306	0.11548	0.16394	0.1367	0.13677	0.16258
GR	old	0.08568	0.17227	0.13522	0.14923	0.14737	0.12993	0.1301	0.13751	0.16229	0.18807	0.19895
GR	old	0.07155	0.13349	0.10621	0.13683	0.1366	0.11699	0.11522	0.1113	0.1248	0.13179	0.16232
GR	old	0.07411	0.13898	0.10726	0.12015	0.11199	0.10142	0.0941	0.11771	0.13441	0.15114	0.16066
GR	old	0.05944	0.13605	0.10585	0.12783	0.12861	0.11079	0.11047	0.11696	0.13669	0.15239	0.18502
GR	old	0.07504	0.21089	0.15668	0.14717	0.13928	0.13953	0.1266	0.1669	0.175	0.19098	0.20916
GR	old	0.08929	0.22357	0.17109	0.17316	0.18413	0.1688	0.16532	0.1792	0.19233	0.2073	0.2468
GR	old	0.07589	0.17964	0.13446	0.13996	0.1324	0.12352	0.11506	0.14778	0.15379	0.17832	0.19952
GR	old	0.07195	0.21644	0.16316	0.14167	0.14084	0.14114	0.13395	0.16815	0.16637	0.17483	0.19731
GR	old	0.06515	0.19922	0.15187	0.14947	0.15442	0.14355	0.14127	0.16253	0.16357	0.17327	0.21312
GR	old	0.0881	0.18498	0.13958	0.13025	0.11759	0.11754	0.11209	0.15438	0.1939	0.23947	0.2299
GR	old	0.07647	0.1621	0.12146	0.13529	0.12263	0.11514	0.10777	0.1451	0.15949	0.18824	0.19669
GR	old	0.07749	0.15042	0.1137	0.13975	0.1314	0.11635	0.10906	0.11875	0.12214	0.12812	0.16002
GR	old	0.07236	0.19123	0.1459	0.1503	0.14871	0.13955	0.13116	0.15569	0.16264	0.16919	0.18478
GR	old	0.08359	0.18486	0.14121	0.14229	0.13543	0.13038	0.12318	0.15455	0.1679	0.19789	0.20442
GR	old	0.05944	0.16893	0.12746	0.14226	0.14027	0.12545	0.1253	0.14766	0.14868	0.16245	0.19053
GR	old	0.07666	0.12906	0.09831	0.11913	0.11019	0.09767	0.09125	0.1185	0.12512	0.14561	0.15684
GR	old	0.07653	0.17598	0.13274	0.14853	0.14272	0.13074	0.12399	0.1489	0.15639	0.17128	0.20043
GR	old	0.07632	0.19995	0.14936	0.14678	0.1413	0.14133	0.12668	0.16136	0.14942	0.1553	0.18368
GR	old	0.0961	0.13551	0.10416	0.10225	0.08898	0.08972	0.09029	0.11846	0.1511	0.19139	0.1886
GR	old	0.08403	0.19037	0.14277	0.15314	0.14545	0.13164	0.125	0.15507	0.17535	0.20468	0.2224
GR	old	0.08348	0.17159	0.13412	0.16022	0.15821	0.13419	0.13773	0.14589	0.17707	0.20266	0.2226
GR	old	0.07449	0.10337	0.08242	0.10295	0.09451	0.07733	0.07776	0.08026	0.11244	0.13691	0.13955
GR	old	0.08113	0.17075	0.12778	0.1182	0.10848	0.10518	0.09781	0.13051	0.15505	0.18354	0.1877
SF	old	0.06282	0.1613	0.11995	0.12828	0.12185	0.11403	0.10978	0.14155	0.15418	0.17285	0.19328
SF	old	0.06542	0.14557	0.11002	0.11182	0.10619	0.09923	0.09714	0.1164	0.13784	0.1593	0.16811
SF	old	0.09611	0.10308	0.083	0.13104	0.11872	0.09342	0.09695	0.09718	0.14387	0.17457	0.17189
SF	old	0.07237	0.10419	0.08318	0.11377	0.10796	0.08845	0.09044	0.09007	0.13116	0.15049	0.15802
SF	old	0.07257	0.17257	0.12635	0.13486	0.12275	0.11803	0.11137	0.15267	0.16158	0.18049	0.20026
SF	old	0.05871	0.17155	0.12592	0.10506	0.09921	0.10259	0.09476	0.13204	0.14727	0.16815	0.18061
SF	old	0.0525	0.17057	0.12262	0.10464	0.09588	0.09813	0.08897	0.1311	0.12516	0.13626	0.15282
SF	old	0.06656	0.19183	0.13906	0.11171	0.10314	0.10635	0.09862	0.14428	0.15441	0.17497	0.18075
SF	old	0.05204	0.13387	0.10025	0.09711	0.09238	0.08691	0.08358	0.10697	0.11971	0.13672	0.14902
SF	old	0.04289	0.09805	0.07369	0.07419	0.0673	0.06142	0.0587	0.07289	0.08035	0.09056	0.1134
SF	old	0.09695	0.18022	0.13483	0.14101	0.12989	0.12244	0.11949	0.15246	0.18419	0.22018	0.22177
SF	old	0.07954	0.14093	0.10597	0.13434	0.12354	0.10952	0.10961	0.13232	0.16255	0.19195	0.20742
SF	old	0.04425	0.15022	0.11094	0.09901	0.09144	0.09537	0.08827	0.129	0.12701	0.13616	0.15301
SF	old	0.08094	0.18402	0.13639	0.14595	0.13655	0.12608	0.12097	0.15193	0.18223	0.21554	0.22795
SF	old	0.08165	0.20376	0.15096	0.1689	0.15705	0.14975	0.14011	0.177	0.1832	0.19634	0.23133
SF	old	0.08154	0.19937	0.14459	0.14152	0.13037	0.12621	0.11991	0.17024	0.18943	0.21802	0.22684
SF	old	0.07039	0.18067	0.13065	0.111	0.10037	0.10476	0.09694	0.14783	0.14937	0.17084	0.17689
SF	old	0.06898	0.16611	0.12152	0.1273	0.11649	0.11124	0.10385	0.14716	0.15167	0.17036	0.18515
SF	old	0.07942	0.19662	0.14127	0.14897	0.1383	0.12774	0.12005	0.15945	0.16205	0.17691	0.20497
SF	old	0.06933	0.14269	0.10733	0.09138	0.08362	0.08058	0.07705	0.09675	0.12115	0.14274	0.14005
SF	old	0.04954	0.09095	0.06964	0.06265	0.05644	0.05814	0.0575	0.0773	0.09506	0.11282	0.11389
SF	old	0.09366	0.16936	0.12543	0.17558	0.16514	0.13547	0.13342	0.15557	0.1858	0.21463	0.23854
SF	old	0.05277	0.0747	0.05958	0.09352	0.08854	0.07063	0.07316	0.08012	0.10762	0.12865	0.13556
SF	old	0.06388	0.12892	0.09622	0.11068	0.10273	0.09216	0.09	0.11593	0.13255	0.15021	0.16385
SF	old	0.06118	0.10243	0.07973	0.11756	0.11273	0.09488	0.09439	0.10132	0.12143	0.13833	0.16992
SF	old	0.10195	0.18315	0.14084	0.179	0.16541	0.14606	0.14137	0.15171	0.19495	0.22352	0.24632
SF	old	0.05531	0.10122	0.07901	0.08873	0.08259	0.07934	0.07763	0.09871	0.11654	0.13946	0.14336
SF	old	0.05742	0.11439	0.0904	0.10859	0.1054	0.09463	0.09176	0.10784	0.13473	0.15492	0.16863
SF	old	0.0847	0.1426	0.11188	0.17557	0.16666	0.13677	0.13447	0.13409	0.16552	0.17858	0.21493
SF	old	0.06688	0.14659	0.1114	0.11647	0.10888	0.10262	0.09741	0.12867	0.14334	0.16668	0.18299
SF	old	0.05624	0.13787	0.1074	0.10791	0.10533	0.10255	0.0973	0.11981	0.12784	0.14948	0.16709
SF	old	0.03965	0.10925	0.08411	0.10406	0.0996	0.09368	0.08769	0.11487	0.10934	0.11864	0.15223
SF	old	0.12793	0.18818	0.14001	0.22433	0.21159	0.16137	0.15808	0.17012	0.23521	0.26888	0.32531
SF	old	0.17094	0.19824	0.14952	0.26366	0.24577	0.17796	0.17679	0.18392	0.27534	0.32866	0.37372
SF	old	0.06391	0.13878	0.10491	0.12986	0.12659	0.11364	0.10741	0.12428	0.14268	0.15359	0.18394
SF	old	0.13251	0.20263	0.14983	0.20116	0.18896	0.15214	0.14498	0.16865	0.21177	0.23629	0.28338
SF	old	0.15542	0.21178	0.15981	0.21556	0.20368	0.1638	0.15725	0.1794	0.26487	0.30463	0.33974
SF	old	0.13312	0.19409	0.14582	0.22302	0.21132	0.16406	0.1633	0.17127	0.25108	0.29387	0.33836
SF	old	0.10324	0.16581	0.1234	0.16799	0.1583	0.13102	0.12823	0.14333	0.1935	0.22531	0.24008
SF	old	0.09731	0.18426	0.13573	0.16982	0.16471	0.14122	0.13471	0.1598	0.18766	0.20452	0.25352
SF	old	0.07242	0.20431	0.15083	0.14086	0.13201	0.13092	0.11587	0.16916	0.19533	0.21638	0.23945
SF	old	0.05618	0.14741	0.11136	0.1212	0.12084	0.11848	0.10831	0.13428	0.14005	0.14766	0.17114
SF	old	0.15848	0.20594	0.15616	0.23421	0.22226	0.17611	0.17233	0.18531	0.25857	0.30723	0.34032
SF	old	0.18814	0.19559	0.15222	0.22194	0.20242	0.16146	0.15612	0.17759	0.29769	0.36448	0.39195
SF	old	0.08693	0.15773	0.11972	0.14391	0.13613	0.12016	0.11133	0.13837	0.14713	0.16674	0.19524
SF	old	0.12369	0.16783	0.12937	0.18913	0.18026	0.14281	0.13849	0.15166	0.19022	0.2263	0.27117
SF	old	0.22711	0.17089	0.13692	0.27711	0.24458	0.1761	0.18136	0.17732	0.3224	0.43342	0.48251
SF	old	0.1679	0.1591	0.12562	0.20562	0.185	0.14477	0.14128	0.15822	0.23665	0.30235	0.31306
SF	old	0.13976	0.15981	0.12504	0.21848	0.20621	0.15374	0.15074	0.15496	0.21733	0.26852	0.32039
SF	old	0.15042	0.17423	0.13595	0.2199	0.20288	0.15752	0.15318	0.17037	0.24404	0.30857	0.34476
SF	old	0.08709	0.13343	0.10524	0.14234	0.13365	0.11697	0.10644	0.13508	0.15524	0.1898	0.21371
SF	old	0.15851	0.1681	0.12618	0.25202	0.23755	0.1659	0.16951	0.15901	0.24082	0.28123	0.36002
SF	old	0.06446	0.10049	0.07598	0.08373	0.08063	0.06823	0.06569	0.07277	0.09113	0.10078	0.11146
SF	old	0.14286	0.18904	0.14264	0.1865	0.17508	0.14394	0.14391	0.15813	0.229	0.27124	0.29914
SF	old	0.06533	0.11705	0.0895	0.1081	0.10325	0.09183	0.08808	0.10457	0.12618	0.13909	0.15421
SF	old	0.13067	0.18407	0.13657	0.2264	0.21571	0.1589	0.15995	0.15966	0.24237	0.27872	0.34353
SF	old	0.06613	0.11889	0.09132	0.12292	0.11541	0.0977	0.09598	0.10784	0.14607	0.16671	0.18056
SF	old	0.1069	0.179	0.13294	0.19599	0.18983	0.14855	0.14688	0.15316	0.2094	0.23784	0.29742
SF	old	0.1217	0.18354	0.13859	0.23299	0.22336	0.16516	0.16538	0.16419	0.2426	0.28428	0.35253
SF	old	0.08128	0.1362	0.10454	0.13231	0.12545	0.10821	0.10123	0.12538	0.13909	0.15884	0.18105
SF	old	0.1767	0.20107	0.15618	0.30238	0.27927	0.19439	0.20221	0.18885	0.29125	0.35516	0.42891
SF	old	0.17193	0.18177	0.14219	0.2482	0.22651	0.17568	0.17455	0.17718	0.28032	0.3585	0.38878
SF	old	0.10155	0.14404	0.11112	0.1568	0.14453	0.12363	0.11758	0.14192	0.17133	0.21049	0.23292
SF	old	0.10952	0.16085	0.12339	0.19988	0.1923	0.14867	0.14211	0.15143	0.18634	0.21835	0.26884
SF	old	0.12161	0.1606	0.1242	0.19248	0.18232	0.14151	0.13548	0.15341	0.19613	0.23743	0.27765
SF	old	0.20149	0.1824	0.14414	0.24708	0.2226	0.16832	0.17063	0.18045	0.29813	0.3914	0.42353
SF	old	0.14379	0.19695	0.14989	0.2215	0.21291	0.1702	0.15976	0.17978	0.21815	0.25755	0.30623
SF	old	0.19159	0.17376	0.138	0.24905	0.22589	0.16955	0.1725	0.17812	0.28533	0.36942	0.39716
SF	old	0.07461	0.05894	0.05109	0.08577	0.0807	0.06367	0.0595	0.06335	0.07263	0.09545	0.1139
SF	old	0.13852	0.14738	0.11582	0.20237	0.19072	0.14099	0.13722	0.14152	0.20274	0.25096	0.29279
SF	old	0.1175	0.15049	0.11822	0.18853	0.18101	0.1384	0.13318	0.14155	0.19342	0.23479	0.28373
SF	old	0.18222	0.19108	0.14738	0.2824	0.26651	0.18861	0.18786	0.18423	0.27306	0.34076	0.4176
SF	old	0.07174	0.07913	0.06608	0.13483	0.12973	0.09415	0.09022	0.09201	0.11679	0.14342	0.18674
SF	old	0.1213	0.13587	0.10928	0.17514	0.17118	0.13289	0.12655	0.12453	0.14778	0.1761	0.2214
SF	old	0.12518	0.17904	0.13508	0.16095	0.14945	0.13376	0.12895	0.15557	0.19387	0.22643	0.24387
SF	old	0.09435	0.18668	0.13862	0.17695	0.16889	0.13936	0.13487	0.1531	0.2015	0.23138	0.26573
SF	old	0.13208	0.18691	0.14074	0.2133	0.20056	0.15403	0.15265	0.16307	0.23767	0.27885	0.31816
SF	old	0.05257	0.12448	0.09532	0.11051	0.10862	0.09935	0.09372	0.11649	0.13629	0.14979	0.17477
SF	old	0.05376	0.13787	0.10481	0.11491	0.11223	0.10813	0.10034	0.12808	0.13955	0.14887	0.17589
SF	old	0.10052	0.13119	0.09957	0.15296	0.14433	0.11151	0.10934	0.11452	0.14829	0.16617	0.19319
SF	old	0.14529	0.17485	0.13359	0.22808	0.2102	0.15916	0.1619	0.165	0.26927	0.33388	0.37019
SF	old	0.14166	0.19121	0.14589	0.21851	0.20369	0.16663	0.1642	0.17292	0.24924	0.3044	0.34318
SF	old	0.12663	0.17033	0.12842	0.15189	0.13954	0.1114	0.1094	0.11742	0.17874	0.20922	0.22225
SF	old	0.10389	0.12292	0.0946	0.15533	0.1454	0.11151	0.11049	0.1146	0.15854	0.18303	0.19666
SF	old	0.14528	0.17678	0.13485	0.20155	0.184	0.15234	0.15135	0.16994	0.24713	0.29764	0.3099
SF	old	0.12144	0.17845	0.13327	0.203	0.19113	0.15184	0.1505	0.16238	0.22817	0.26472	0.30305
SF	old	0.10864	0.19312	0.14461	0.18816	0.18162	0.15504	0.14885	0.16081	0.20857	0.23385	0.28395
SF	old	0.07625	0.19893	0.1462	0.12291	0.11908	0.12193	0.10971	0.15595	0.16102	0.17334	0.19751
SF	old	0.1756	0.19524	0.14659	0.28366	0.26208	0.18308	0.18778	0.1863	0.30705	0.38447	0.4251
SF	old	0.08738	0.18825	0.13975	0.16212	0.1562	0.1399	0.132	0.15335	0.18429	0.20571	0.23742
SF	old	0.14194	0.19192	0.14361	0.22823	0.2171	0.16587	0.1654	0.17394	0.24495	0.28344	0.33942
SF	old	0.17008	0.1964	0.14866	0.2631	0.2445	0.1777	0.18107	0.18227	0.28912	0.35157	0.39859
SF	old	0.13688	0.19883	0.14803	0.24686	0.23568	0.17419	0.17458	0.17806	0.26004	0.30332	0.36928
SF	old	0.0592	0.10505	0.08006	0.10801	0.10261	0.08589	0.08274	0.09309	0.11477	0.12609	0.14588
SF	old	0.08805	0.17462	0.12496	0.18127	0.16419	0.13124	0.1346	0.14962	0.19371	0.19881	0.22224
SF	old	0.10872	0.15515	0.11381	0.17483	0.15549	0.12389	0.13441	0.1473	0.21418	0.25188	0.24104
SF	old	0.11747	0.17645	0.12719	0.2057	0.18857	0.13969	0.14274	0.13312	0.18505	0.17352	0.20896
SF	old	0.10542	0.19232	0.13643	0.19603	0.17748	0.14454	0.14635	0.16497	0.19708	0.20208	0.22723
SF	old	0.11249	0.21162	0.15194	0.23387	0.21264	0.17476	0.17874	0.19365	0.25883	0.28083	0.31619
SF	old	0.10165	0.18976	0.13437	0.16936	0.15404	0.12999	0.13598	0.15683	0.21552	0.24099	0.25441
SF	old	0.11975	0.19592	0.14235	0.22255	0.20239	0.16784	0.1711	0.17728	0.24293	0.25848	0.27988
SF	old	0.08708	0.19884	0.14115	0.13491	0.11926	0.12172	0.12083	0.17119	0.2111	0.23701	0.22411
SF	old	0.0823	0.16421	0.11695	0.13849	0.12224	0.1128	0.11492	0.14746	0.18209	0.20061	0.20162
SF	old	0.14712	0.20228	0.14449	0.18162	0.1561	0.14502	0.15193	0.20019	0.26915	0.33208	0.31728
SF	old	0.12228	0.20215	0.14552	0.22383	0.19904	0.16455	0.16681	0.19873	0.24443	0.27734	0.30421
SF	old	0.13293	0.20272	0.14479	0.21156	0.18546	0.15451	0.15843	0.19423	0.24389	0.28406	0.29407
SF	old	0.12211	0.19094	0.13883	0.17084	0.15367	0.13581	0.13778	0.1714	0.21846	0.25706	0.26434
SF	old	0.11686	0.18907	0.13548	0.22041	0.19487	0.15655	0.1593	0.19895	0.23937	0.28507	0.31159
SF	old	0.07664	0.15874	0.11738	0.13018	0.11925	0.10604	0.10206	0.12485	0.14574	0.15876	0.17109
SF	old	0.11229	0.17059	0.12521	0.19686	0.17565	0.14102	0.1451	0.16704	0.2189	0.25672	0.28401
SF	old	0.08627	0.19791	0.14278	0.13461	0.12273	0.12635	0.12108	0.17304	0.19097	0.22232	0.23372
SF	old	0.09103	0.15135	0.11147	0.16248	0.14384	0.12255	0.12481	0.14767	0.18517	0.22258	0.23384
SF	old	0.0956	0.13791	0.1037	0.14692	0.13319	0.11261	0.11353	0.13212	0.16647	0.19549	0.2028
SF	old	0.04467	0.13514	0.10125	0.09941	0.09289	0.09345	0.08925	0.12231	0.13173	0.14864	0.16107
SF	old	0.10271	0.15715	0.11489	0.16424	0.14576	0.12323	0.12463	0.15819	0.18251	0.21613	0.22935
SF	old	0.05881	0.18373	0.13489	0.13003	0.11858	0.1208	0.11526	0.16476	0.18188	0.20843	0.21498
SF	old	0.07905	0.14431	0.10595	0.15877	0.14413	0.11976	0.12299	0.14014	0.17215	0.19076	0.21035